Event_Num,Date,LAT,LON
160390273,2016-02-08,38.44038228,-122.7161508
160460282,2016-02-15,38.46482899,-122.65142639999999
160320001,2016-02-01,38.44110696,-122.71449820000001
160320002,2016-02-01,38.44110696,-122.71449820000001
160320003,2016-02-01,38.44554349,-122.71352350000001
160320004,2016-02-01,38.45880608,-122.717197
160320005,2016-02-01,38.45991177,-122.7284087
160320006,2016-02-01,38.41429399,-122.71748640000001
160320008,2016-02-01,38.43525419,-122.6859145
160320009,2016-02-01,38.45336896,-122.717404
160320010,2016-02-01,38.46311909,-122.7182737
160320011,2016-02-01,38.4339454,-122.69939879999998
160320014,2016-02-01,38.34838869,-122.71481940000001
160320016,2016-02-01,38.43182581,-122.7419237
160320017,2016-02-01,38.46421777,-122.72841559999999
160320018,2016-02-01,38.44072571,-122.71343290000002
160320020,2016-02-01,38.44121202,-122.7123828
160320021,2016-02-01,38.44046206,-122.7140115
160320022,2016-02-01,38.45406768,-122.7730892
160320023,2016-02-01,38.45739168,-122.67956389999999
160320025,2016-02-01,38.45991177,-122.7284087
160320026,2016-02-01,38.4706443,-122.72981340000001
160320027,2016-02-01,38.46121774,-122.71653300000001
160320028,2016-02-01,38.40971025,-122.7134884
160320029,2016-02-01,38.43033883,-122.7175395
160320030,2016-02-01,38.42426474,-122.7135061
160320031,2016-02-01,38.41429399,-122.71748640000001
160320032,2016-02-01,38.437332299999994,-122.74285379999999
160320033,2016-02-01,38.46229712,-122.64303079999999
160320035,2016-02-01,38.43876378,-122.7216926
160320036,2016-02-01,38.45998549,-122.7302449
160320037,2016-02-01,38.45062192,-122.7080525
160320039,2016-02-01,38.45154944,-122.66967520000001
160320040,2016-02-01,38.46919178,-122.72937320000001
160320041,2016-02-01,38.43379484,-122.74240049999999
160320042,2016-02-01,38.4384119,-122.6968065
160320043,2016-02-01,38.46421777,-122.72841559999999
160320044,2016-02-01,38.43541921,-122.7277581
160320046,2016-02-01,38.45991177,-122.7284087
160320047,2016-02-01,38.44265053,-122.6945043
160320048,2016-02-01,38.47756248,-122.74886550000001
160320049,2016-02-01,38.4453395,-122.7417051
160320050,2016-02-01,38.47929434,-122.6577925
160320051,2016-02-01,38.45651293,-122.76454840000002
160320052,2016-02-01,38.48047472,-122.7561182
160320053,2016-02-01,38.4453247,-122.6587706
160320055,2016-02-01,38.45884356,-122.7326085
160320056,2016-02-01,38.45706108,-122.7373132
160320059,2016-02-01,38.45998099,-122.73801110000001
160320060,2016-02-01,38.41442702,-122.7194817
160320061,2016-02-01,38.44166668,-122.68934469999999
160320062,2016-02-01,38.44502788,-122.7211998
160320063,2016-02-01,38.42998874,-122.76951869999999
160320065,2016-02-01,38.44972,-122.68848009999999
160320067,2016-02-01,38.44532601,-122.76962730000001
160320068,2016-02-01,38.4487098,-122.71340740000001
160320070,2016-02-01,38.43757522,-122.68170490000001
160320071,2016-02-01,38.46919178,-122.72937320000001
160320072,2016-02-01,38.44474263,-122.70504150000001
160320073,2016-02-01,38.452966499999995,-122.731721
160320075,2016-02-01,38.47929434,-122.6577925
160320077,2016-02-01,38.45255091,-122.77187240000002
160320078,2016-02-01,38.45681756,-122.7449037
160320080,2016-02-01,38.41906182,-122.70772959999998
160320081,2016-02-01,38.40369615,-122.72865900000001
160320082,2016-02-01,38.47120251,-122.76392560000001
160320083,2016-02-01,38.46032734,-122.7213729
160320084,2016-02-01,38.43520974,-122.7227953
160320089,2016-02-01,38.46731621,-122.74864280000001
160320090,2016-02-01,38.42661641,-122.74475670000001
160320092,2016-02-01,38.43860671,-122.74301200000001
160320093,2016-02-01,38.44679807,-122.72251200000001
160320094,2016-02-01,38.46415311,-122.7258716
160320095,2016-02-01,38.4384119,-122.6968065
160320096,2016-02-01,38.46146828,-122.72371299999999
160320099,2016-02-01,38.41748986,-122.70190890000002
160320100,2016-02-01,38.40369615,-122.72865900000001
160320102,2016-02-01,38.44295397,-122.5758568
160320103,2016-02-01,38.41748986,-122.70190890000002
160320104,2016-02-01,38.42672233,-122.73209170000001
160320105,2016-02-01,38.47970235,-122.73446640000002
160320106,2016-02-01,38.44023055,-122.7145525
160320107,2016-02-01,38.45612047,-122.72569250000001
160320108,2016-02-01,38.44046322,-122.5964035
160320109,2016-02-01,38.43456184,-122.6997523
160320110,2016-02-01,38.45878593,-122.7186729
160320112,2016-02-01,38.41357099,-122.7428206
160320113,2016-02-01,38.45956577,-122.7190646
160320114,2016-02-01,38.45880608,-122.717197
160320115,2016-02-01,38.45612047,-122.72569250000001
160320116,2016-02-01,38.47971079,-122.7352915
160320118,2016-02-01,38.45878593,-122.7186729
160320119,2016-02-01,38.45991177,-122.7284087
160320120,2016-02-01,38.42754179,-122.764606
160320123,2016-02-01,38.48320801,-122.73461189999999
160320124,2016-02-01,38.41731457,-122.7377494
160320126,2016-02-01,38.43143133,-122.71127560000001
160320127,2016-02-01,38.42685471,-122.7413163
160320128,2016-02-01,38.41164352,-122.73429080000001
160320129,2016-02-01,38.43541921,-122.7277581
160320130,2016-02-01,38.42754179,-122.764606
160320131,2016-02-01,38.41649031,-122.70427279999998
160320132,2016-02-01,38.44597893,-122.7475487
160320134,2016-02-01,38.45250293,-122.695923
160320135,2016-02-01,38.43227698,-122.7114314
160320136,2016-02-01,38.43343219,-122.72632890000001
160320137,2016-02-01,38.40561156,-122.71347479999999
160320138,2016-02-01,38.44106649,-122.72008590000002
160320140,2016-02-01,38.42978207,-122.7194327
160320142,2016-02-01,38.43102634,-122.7235509
160320143,2016-02-01,38.46482899,-122.65142639999999
160320144,2016-02-01,38.45878593,-122.7186729
160320145,2016-02-01,38.42984924,-122.74171740000001
160320146,2016-02-01,38.44307872,-122.66281709999998
160320147,2016-02-01,38.44036347,-122.70283090000001
160320148,2016-02-01,38.42030020000001,-122.71351090000002
160320149,2016-02-01,38.4421805,-122.706061
160320150,2016-02-01,38.43759163,-122.67906529999999
160320151,2016-02-01,38.42035385,-122.6671962
160320152,2016-02-01,38.43645338,-122.7156303
160320153,2016-02-01,38.47062486,-122.73493090000001
160320154,2016-02-01,38.40371518,-122.72749820000001
160320155,2016-02-01,38.42685471,-122.7413163
160320156,2016-02-01,38.45336896,-122.717404
160320158,2016-02-01,38.42628117,-122.65781170000001
160320160,2016-02-01,38.44036347,-122.70283090000001
160320161,2016-02-01,38.44265053,-122.6945043
160320162,2016-02-01,38.442763299999996,-122.7292925
160320163,2016-02-01,38.44389187,-122.7165195
160320165,2016-02-01,38.44978962,-122.752269
160320166,2016-02-01,38.46923636,-122.72199540000001
160320167,2016-02-01,38.44036347,-122.70283090000001
160320169,2016-02-01,38.45938071,-122.73149309999998
160320171,2016-02-01,38.45168519,-122.6992001
160320172,2016-02-01,38.40674256,-122.719351
160320173,2016-02-01,38.4414495,-122.7190885
160320174,2016-02-01,38.44669518,-122.74461699999999
160320175,2016-02-01,38.44691519,-122.72659569999999
160320176,2016-02-01,38.42325801,-122.7425506
160320177,2016-02-01,38.43903444,-122.71295049999999
160320179,2016-02-01,38.45503168,-122.73984640000002
160320180,2016-02-01,38.41352261,-122.74360259999999
160320181,2016-02-01,38.45681756,-122.7449037
160320182,2016-02-01,38.41034738,-122.75705970000001
160320183,2016-02-01,38.42120417,-122.71350090000001
160320184,2016-02-01,38.45658811,-122.7172915
160320185,2016-02-01,38.47971181,-122.73813090000002
160320186,2016-02-01,38.40183339,-122.7210207
160320187,2016-02-01,38.4612714,-122.74486359999999
160320189,2016-02-01,38.45878593,-122.7186729
160320190,2016-02-01,38.423084,-122.699196
160320192,2016-02-01,38.47443223,-122.75508490000001
160320193,2016-02-01,38.47970235,-122.73446640000002
160320194,2016-02-01,38.46101047,-122.71060890000001
160320195,2016-02-01,38.44036347,-122.70283090000001
160320196,2016-02-01,38.43702102,-122.72465530000001
160320197,2016-02-01,38.46482899,-122.65142639999999
160320198,2016-02-01,38.44379613,-122.706748
160320199,2016-02-01,38.44379613,-122.706748
160320200,2016-02-01,38.43432937,-122.7181253
160320202,2016-02-01,38.45997829,-122.7406116
160320203,2016-02-01,38.44036347,-122.70283090000001
160320204,2016-02-01,38.43991081,-122.7128433
160320205,2016-02-01,38.43541921,-122.7277581
160320206,2016-02-01,38.44265053,-122.6945043
160320208,2016-02-01,38.44651609,-122.69694720000001
160320209,2016-02-01,38.43587144,-122.66981770000001
160320210,2016-02-01,38.44651609,-122.69694720000001
160320211,2016-02-01,38.44036347,-122.70283090000001
160320212,2016-02-01,38.43758666,-122.67766670000002
160320213,2016-02-01,38.46351647,-122.7350876
160320214,2016-02-01,38.43307028,-122.7149396
160320216,2016-02-01,38.45260372,-122.7336335
160320217,2016-02-01,38.42173334,-122.7437504
160320218,2016-02-01,38.4325187,-122.7384368
160320219,2016-02-01,38.42652542,-122.7207
160320221,2016-02-01,38.44036347,-122.70283090000001
160320222,2016-02-01,38.45546474,-122.7379425
160320224,2016-02-01,38.4414495,-122.7190885
160320226,2016-02-01,38.4515494,-122.7174904
160320227,2016-02-01,38.44589407,-122.726646
160320228,2016-02-01,38.41271566,-122.71948300000001
160320229,2016-02-01,38.4515494,-122.7174904
160320230,2016-02-01,38.45332356,-122.71574790000001
160320231,2016-02-01,38.44507274,-122.6856783
160320232,2016-02-01,38.46233298,-122.7417378
160320234,2016-02-01,38.45332356,-122.71574790000001
160320235,2016-02-01,38.45187699,-122.71207959999998
160320238,2016-02-01,38.41784264,-122.71750449999999
160320239,2016-02-01,38.40285384,-122.71347800000001
160320240,2016-02-01,38.44257263,-122.6706866
160320241,2016-02-01,38.46624747,-122.72841409999998
160320243,2016-02-01,38.44036347,-122.70283090000001
160320245,2016-02-01,38.40392255,-122.713475
160320246,2016-02-01,38.45319554,-122.7106846
160320247,2016-02-01,38.4349273,-122.6610388
160320248,2016-02-01,38.46563068,-122.7512033
160320249,2016-02-01,38.44490192,-122.72260390000001
160320250,2016-02-01,38.43770367,-122.5848683
160320251,2016-02-01,38.42173334,-122.7437504
160320252,2016-02-01,38.47970235,-122.73446640000002
160320253,2016-02-01,38.45938071,-122.73149309999998
160320254,2016-02-01,38.43286531,-122.68910249999999
160320255,2016-02-01,38.41763017,-122.71351940000001
160320256,2016-02-01,38.45884356,-122.7326085
160320257,2016-02-01,38.455409499999995,-122.72817260000001
160320258,2016-02-01,38.46311909,-122.7182737
160320259,2016-02-01,38.43714457,-122.7188627
160320260,2016-02-01,38.42422898,-122.7282929
160320261,2016-02-01,38.47929434,-122.6577925
160320262,2016-02-01,38.423415000000006,-122.753052
160320263,2016-02-01,38.45120479,-122.70392959999998
160320264,2016-02-01,38.42721652,-122.7132107
160320265,2016-02-01,38.4706443,-122.72981340000001
160320266,2016-02-01,38.42030020000001,-122.71351090000002
160320267,2016-02-01,38.44046206,-122.7140115
160320268,2016-02-01,38.43467037,-122.7241972
160320270,2016-02-01,38.47297747,-122.72614070000002
160320271,2016-02-01,38.41357099,-122.7428206
160320274,2016-02-01,38.42975173,-122.71133049999999
160320275,2016-02-01,38.42291731,-122.70760179999999
160320276,2016-02-01,38.45154944,-122.66967520000001
160320277,2016-02-01,38.44036347,-122.70283090000001
160320278,2016-02-01,38.40038756,-122.7134987
160320279,2016-02-01,38.45112279999999,-122.69179640000002
160320280,2016-02-01,38.44107108,-122.7002737
160320281,2016-02-01,38.41648202,-122.700151
160320282,2016-02-01,38.43070629,-122.7637387
160320283,2016-02-01,38.46885305,-122.75550420000002
160320284,2016-02-01,38.45681756,-122.7449037
160320285,2016-02-01,38.45997829,-122.7406116
160320287,2016-02-01,38.44979643,-122.66856159999999
160320288,2016-02-01,38.47024813,-122.71729209999998
160320289,2016-02-01,38.40218648,-122.71088030000001
160320290,2016-02-01,38.4271321,-122.708615
160320291,2016-02-01,38.49292675,-122.7122851
160320292,2016-02-01,38.46383244,-122.6649856
160320294,2016-02-01,38.45854746,-122.690693
160320297,2016-02-01,38.455409499999995,-122.72817260000001
160320299,2016-02-01,38.44106649,-122.72008590000002
160320300,2016-02-01,38.46668946,-122.6641534
160320301,2016-02-01,38.47069863,-122.6476574
160320302,2016-02-01,38.46421777,-122.72841559999999
160320303,2016-02-01,38.43698542,-122.70643600000001
160320304,2016-02-01,38.42173334,-122.7437504
160320305,2016-02-01,38.40218648,-122.71088030000001
160320306,2016-02-01,38.43070629,-122.7637387
160320309,2016-02-01,38.46421777,-122.72841559999999
160320311,2016-02-01,38.46624747,-122.72841409999998
160320312,2016-02-01,38.45258756,-122.7513351
160320313,2016-02-01,38.40186649,-122.71348429999999
160320314,2016-02-01,38.43876378,-122.7216926
160320316,2016-02-01,38.44315489,-122.759855
160320317,2016-02-01,38.40172352,-122.71088229999998
160320318,2016-02-01,38.42184823,-122.74937479999998
160320319,2016-02-01,38.45596421,-122.706258
160320320,2016-02-01,38.45554777,-122.67789259999999
160320322,2016-02-01,38.44273969,-122.71568059999998
160320323,2016-02-01,38.47024813,-122.71729209999998
160320326,2016-02-01,38.43971531,-122.71565840000001
160320327,2016-02-01,38.47971181,-122.73813090000002
160320329,2016-02-01,38.45730241,-122.6712994
160320330,2016-02-01,38.43447533,-122.70688740000001
160320331,2016-02-01,38.45991177,-122.7284087
160320332,2016-02-01,38.434957399999995,-122.6823515
160320333,2016-02-01,38.47173676,-122.72091370000001
160320334,2016-02-01,38.43903444,-122.71295049999999
160320335,2016-02-01,38.46170103,-122.7151804
160320336,2016-02-01,38.44036347,-122.70283090000001
160320337,2016-02-01,38.47173676,-122.72091370000001
160320339,2016-02-01,38.41151265,-122.713498
160320340,2016-02-01,38.432156,-122.73776200000002
160320341,2016-02-01,38.46662813,-122.7430045
160320342,2016-02-01,38.43894087,-122.71507849999999
160320343,2016-02-01,38.45254856,-122.7696375
160320345,2016-02-01,38.4329544,-122.70603090000002
160320346,2016-02-01,38.440376799999996,-122.744635
160320347,2016-02-01,38.42168443,-122.7159514
160320348,2016-02-01,38.41998491,-122.7661094
160320351,2016-02-01,38.45997358,-122.73261799999999
160320352,2016-02-01,38.47971181,-122.73813090000002
160320353,2016-02-01,38.43609171,-122.70061640000002
160320354,2016-02-01,38.44532601,-122.76962730000001
160320356,2016-02-01,38.45496838,-122.6721729
160320357,2016-02-01,38.45154944,-122.66967520000001
160320358,2016-02-01,38.43799433,-122.70998449999999
160320359,2016-02-01,38.47971079,-122.7352915
160320360,2016-02-01,38.46919178,-122.72937320000001
160320361,2016-02-01,38.41953221,-122.6975946
160320362,2016-02-01,38.46160651,-122.64379109999999
160320363,2016-02-01,38.43438597,-122.72544979999999
160320364,2016-02-01,38.44524539,-122.75437520000001
160320365,2016-02-01,38.44167409,-122.73524099999999
160320366,2016-02-01,38.43638861,-122.7633303
160320367,2016-02-01,38.42748104,-122.7044132
160320369,2016-02-01,38.4346687,-122.71825890000001
160320370,2016-02-01,38.44461788,-122.71481670000001
160320371,2016-02-01,38.44540732,-122.7394594
160320372,2016-02-01,38.44379613,-122.706748
160320373,2016-02-01,38.41648379,-122.6977423
160320374,2016-02-01,38.45991177,-122.7284087
160320375,2016-02-01,38.41648379,-122.6977423
160320378,2016-02-01,38.46421777,-122.72841559999999
160320379,2016-02-01,38.46132246,-122.6679426
160320380,2016-02-01,38.47970235,-122.73446640000002
160320381,2016-02-01,38.43708074,-122.7408241
160320382,2016-02-01,38.46482899,-122.65142639999999
160320384,2016-02-01,38.4414286,-122.71379180000001
160320385,2016-02-01,38.42674234,-122.7430645
160320386,2016-02-01,38.43903444,-122.71295049999999
160320387,2016-02-01,38.44572374,-122.72041010000001
160320388,2016-02-01,38.46101229,-122.71717120000001
160320389,2016-02-01,38.46709833,-122.7512155
160320390,2016-02-01,38.46421777,-122.72841559999999
160320391,2016-02-01,38.42760143,-122.7691831
160320392,2016-02-01,38.43800415,-122.7669201
160320393,2016-02-01,38.4379375,-122.7615328
160320394,2016-02-01,38.45884532,-122.72293140000001
160320395,2016-02-01,38.42674234,-122.7430645
160320397,2016-02-01,38.46170103,-122.7151804
160320398,2016-02-01,38.46623454,-122.73023130000001
160320399,2016-02-02,38.43323996,-122.6990088
160330001,2016-02-02,38.43722322,-122.74447820000002
160330003,2016-02-02,38.46263495,-122.71238840000001
160330005,2016-02-02,38.43054545,-122.7110831
160330006,2016-02-02,38.44285521,-122.7017068
160330007,2016-02-02,38.41646098,-122.7105304
160330008,2016-02-02,38.45956577,-122.7190646
160330009,2016-02-02,38.43593089,-122.7077131
160330011,2016-02-02,38.46912427,-122.7326346
160330012,2016-02-02,38.46001923,-122.72375729999999
160330013,2016-02-02,38.47006676,-122.74534550000001
160330014,2016-02-02,38.47024813,-122.71729209999998
160330015,2016-02-02,38.46738479,-122.74249879999999
160330016,2016-02-02,38.46499934,-122.73263840000001
160330018,2016-02-02,38.43271141,-122.7515848
160330019,2016-02-02,38.46505778,-122.71938200000001
160330020,2016-02-02,38.4663482,-122.7583626
160330021,2016-02-02,38.42386438,-122.7081955
160330022,2016-02-02,38.4379375,-122.7615328
160330024,2016-02-02,38.42866101,-122.74153390000002
160330025,2016-02-02,38.41648379,-122.6977423
160330026,2016-02-02,38.43308292,-122.71161740000001
160330032,2016-02-02,38.4612714,-122.74486359999999
160330033,2016-02-02,38.42585217,-122.7024686
160330034,2016-02-02,38.44285521,-122.7017068
160330035,2016-02-02,38.43827333,-122.71251090000001
160330036,2016-02-02,38.40848214,-122.7393886
160330037,2016-02-02,38.41378271,-122.73353090000002
160330039,2016-02-02,38.46421777,-122.72841559999999
160330040,2016-02-02,38.44160038,-122.66174029999999
160330041,2016-02-02,38.42386438,-122.7081955
160330042,2016-02-02,38.44114633,-122.71012549999999
160330043,2016-02-02,38.47272814,-122.7332097
160330044,2016-02-02,38.45255091,-122.77187240000002
160330045,2016-02-02,38.45996992,-122.7320428
160330046,2016-02-02,38.44121202,-122.7123828
160330047,2016-02-02,38.42519709,-122.6657795
160330048,2016-02-02,38.4384119,-122.6968065
160330049,2016-02-02,38.45938071,-122.73149309999998
160330050,2016-02-02,38.43193924,-122.7196893
160330051,2016-02-02,38.45998549,-122.7302449
160330053,2016-02-02,38.41627946,-122.7446749
160330054,2016-02-02,38.47971264,-122.74219690000001
160330057,2016-02-02,38.44121202,-122.7123828
160330058,2016-02-02,38.42938738,-122.70549840000001
160330060,2016-02-02,38.47619168,-122.652101
160330061,2016-02-02,38.44389693,-122.708675
160330063,2016-02-02,38.4379375,-122.7615328
160330065,2016-02-02,38.42860548,-122.7172207
160330066,2016-02-02,38.42154975,-122.7310861
160330067,2016-02-02,38.41907492,-122.72767079999998
160330069,2016-02-02,38.45909656,-122.7557473
160330071,2016-02-02,38.44283969,-122.67294270000001
160330075,2016-02-02,38.44283969,-122.67294270000001
160330077,2016-02-02,38.45406102,-122.7340969
160330078,2016-02-02,38.42697318,-122.76163249999999
160330079,2016-02-02,38.44451414,-122.68771240000001
160330080,2016-02-02,38.47446246,-122.75718880000001
160330081,2016-02-02,38.43817831,-122.7167402
160330082,2016-02-02,38.42674234,-122.7430645
160330083,2016-02-02,38.44451414,-122.68771240000001
160330085,2016-02-02,38.474725,-122.759398
160330086,2016-02-02,38.46204646,-122.7256189
160330087,2016-02-02,38.41271566,-122.71948300000001
160330088,2016-02-02,38.44307872,-122.66281709999998
160330089,2016-02-02,38.47686128,-122.7381217
160330090,2016-02-02,38.46499934,-122.73263840000001
160330091,2016-02-02,38.46499934,-122.73263840000001
160330092,2016-02-02,38.46421777,-122.72841559999999
160330093,2016-02-02,38.45496838,-122.6721729
160330094,2016-02-02,38.42266675,-122.71351979999999
160330095,2016-02-02,38.47874725,-122.72286310000001
160330096,2016-02-02,38.46739333,-122.7405432
160330097,2016-02-02,38.40185186,-122.72326329999999
160330098,2016-02-02,38.43866615,-122.66447140000001
160330099,2016-02-02,38.42393394,-122.729546
160330100,2016-02-02,38.43947287,-122.72536459999999
160330101,2016-02-02,38.44121202,-122.7123828
160330103,2016-02-02,38.45546474,-122.7379425
160330104,2016-02-02,38.4538783,-122.7644923
160330105,2016-02-02,38.46590055,-122.73888570000001
160330106,2016-02-02,38.45956577,-122.7190646
160330107,2016-02-02,38.43612921,-122.74434109999999
160330108,2016-02-02,38.45956577,-122.7190646
160330109,2016-02-02,38.4776917,-122.74271470000001
160330110,2016-02-02,38.425103,-122.70460220000001
160330111,2016-02-02,38.44391227,-122.69757949999999
160330112,2016-02-02,38.41978431,-122.74225659999999
160330113,2016-02-02,38.440041799999996,-122.7209865
160330114,2016-02-02,38.41644952,-122.7135188
160330115,2016-02-02,38.41998491,-122.7661094
160330116,2016-02-02,38.448648,-122.75248219999999
160330117,2016-02-02,38.46623454,-122.73023130000001
160330118,2016-02-02,38.46204646,-122.7256189
160330119,2016-02-02,38.42549769,-122.7596831
160330120,2016-02-02,38.44307872,-122.66281709999998
160330121,2016-02-02,38.43776285,-122.7142084
160330122,2016-02-02,38.46758688,-122.6467537
160330123,2016-02-02,38.44039215,-122.7411619
160330124,2016-02-02,38.47088279,-122.76062379999999
160330125,2016-02-02,38.4612714,-122.74486359999999
160330126,2016-02-02,38.43876378,-122.7216926
160330127,2016-02-02,38.41151265,-122.713498
160330128,2016-02-02,38.45154549,-122.67155420000002
160330129,2016-02-02,38.45187699,-122.71207959999998
160330130,2016-02-02,38.43735184,-122.7269635
160330131,2016-02-02,38.44036347,-122.70283090000001
160330132,2016-02-02,38.43701961,-122.7158571
160330133,2016-02-02,38.44036347,-122.70283090000001
160330134,2016-02-02,38.43735184,-122.7269635
160330135,2016-02-02,38.45312095,-122.70817
160330136,2016-02-02,38.444698200000005,-122.7577131
160330138,2016-02-02,38.4612714,-122.74486359999999
160330139,2016-02-02,38.45956577,-122.7190646
160330140,2016-02-02,38.42674234,-122.7430645
160330141,2016-02-02,38.45878593,-122.7186729
160330142,2016-02-02,38.47917591,-122.72859240000001
160330143,2016-02-02,38.43701961,-122.7158571
160330148,2016-02-02,38.48315547,-122.6628004
160330151,2016-02-02,38.47874725,-122.72286310000001
160330152,2016-02-02,38.43182581,-122.7419237
160330153,2016-02-02,38.47971079,-122.7352915
160330154,2016-02-02,38.45884356,-122.7326085
160330155,2016-02-02,38.45108534,-122.7550332
160330156,2016-02-02,38.43291389,-122.6798598
160330157,2016-02-02,38.42010685,-122.7014442
160330158,2016-02-02,38.46499934,-122.73263840000001
160330160,2016-02-02,38.43563174,-122.68644669999999
160330161,2016-02-02,38.42581345,-122.72067859999999
160330162,2016-02-02,38.45956577,-122.7190646
160330163,2016-02-02,38.44540732,-122.7394594
160330164,2016-02-02,38.44053199,-122.70968880000001
160330165,2016-02-02,38.46297101,-122.7143013
160330166,2016-02-02,38.434241,-122.71183899999998
160330167,2016-02-02,38.41831872,-122.7306475
160330168,2016-02-02,38.45112279999999,-122.69179640000002
160330169,2016-02-02,38.47138629,-122.6629798
160330171,2016-02-02,38.42050774,-122.7206173
160330173,2016-02-02,38.45336896,-122.717404
160330176,2016-02-02,38.43971531,-122.71565840000001
160330177,2016-02-02,38.44913658,-122.76268540000001
160330178,2016-02-02,38.45880608,-122.717197
160330179,2016-02-02,38.42980651,-122.70432029999999
160330180,2016-02-02,38.43054545,-122.7110831
160330183,2016-02-02,38.46482899,-122.65142639999999
160330184,2016-02-02,38.4419527,-122.7107402
160330185,2016-02-02,38.43738528,-122.66168229999998
160330187,2016-02-02,38.47917591,-122.72859240000001
160330190,2016-02-02,38.44492385,-122.676819
160330191,2016-02-02,38.43128681,-122.6927683
160330192,2016-02-02,38.42113072,-122.695672
160330193,2016-02-02,38.44338039,-122.7133716
160330194,2016-02-02,38.45154549,-122.67155420000002
160330195,2016-02-02,38.45939422,-122.63739679999999
160330196,2016-02-02,38.413219700000006,-122.7135365
160330197,2016-02-02,38.45154944,-122.66967520000001
160330198,2016-02-02,38.46624529,-122.73264820000001
160330199,2016-02-02,38.41992838,-122.74458670000001
160330200,2016-02-02,38.47929434,-122.6577925
160330201,2016-02-02,38.43912155,-122.7230149
160330202,2016-02-02,38.42608214,-122.66683090000001
160330203,2016-02-02,38.4453183,-122.76332409999999
160330204,2016-02-02,38.44028615,-122.66454509999998
160330206,2016-02-02,38.45880608,-122.717197
160330207,2016-02-02,38.42690361,-122.762676
160330208,2016-02-02,38.46483701,-122.74657009999999
160330209,2016-02-02,38.44500385,-122.61249860000001
160330210,2016-02-02,38.45873641,-122.67438670000001
160330211,2016-02-02,38.4493225,-122.76964679999999
160330212,2016-02-02,38.45907321,-122.74300819999999
160330213,2016-02-02,38.41649031,-122.70427279999998
160330214,2016-02-02,38.42685471,-122.7413163
160330216,2016-02-02,38.42980651,-122.70432029999999
160330217,2016-02-02,38.434241,-122.71183899999998
160330218,2016-02-02,38.44521652,-122.74903090000001
160330220,2016-02-02,38.43520974,-122.7227953
160330221,2016-02-02,38.46248107,-122.6526422
160330222,2016-02-02,38.43382248,-122.71176990000001
160330223,2016-02-02,38.47253751,-122.7492811
160330224,2016-02-02,38.42395776,-122.7254293
160330226,2016-02-02,38.45254856,-122.7696375
160330227,2016-02-02,38.434241,-122.71183899999998
160330228,2016-02-02,38.452966499999995,-122.731721
160330229,2016-02-02,38.46738479,-122.74249879999999
160330230,2016-02-02,38.44302503,-122.7060213
160330231,2016-02-02,38.46081666,-122.71832040000001
160330232,2016-02-02,38.423084,-122.699196
160330233,2016-02-02,38.47517437,-122.7563507
160330234,2016-02-02,38.44577885,-122.72255679999999
160330235,2016-02-02,38.46482899,-122.65142639999999
160330236,2016-02-02,38.42685471,-122.7413163
160330237,2016-02-02,38.42715301,-122.7138562
160330239,2016-02-02,38.44581123,-122.72344869999999
160330240,2016-02-02,38.46320615,-122.70169540000002
160330241,2016-02-02,38.47543764,-122.7261473
160330242,2016-02-02,38.45991177,-122.7284087
160330243,2016-02-02,38.45496838,-122.6721729
160330244,2016-02-02,38.45998549,-122.7302449
160330245,2016-02-02,38.4706443,-122.72981340000001
160330246,2016-02-02,38.41646151,-122.71112859999998
160330247,2016-02-02,38.44310539,-122.7284926
160330248,2016-02-02,38.43992913,-122.7193773
160330249,2016-02-02,38.44668339,-122.7177146
160330250,2016-02-02,38.41646107,-122.70881059999999
160330251,2016-02-02,38.440376799999996,-122.744635
160330252,2016-02-02,38.45317993,-122.69418030000001
160330253,2016-02-02,38.46252046,-122.7059525
160330254,2016-02-02,38.44577885,-122.72255679999999
160330255,2016-02-02,38.4706443,-122.72981340000001
160330257,2016-02-02,38.45730241,-122.6712994
160330258,2016-02-02,38.43294424,-122.7620077
160330260,2016-02-02,38.44107108,-122.7002737
160330261,2016-02-02,38.41442702,-122.7194817
160330262,2016-02-02,38.46808224,-122.7603815
160330263,2016-02-02,38.44185529,-122.7247722
160330264,2016-02-02,38.42228018,-122.7094669
160330265,2016-02-02,38.42706919,-122.7055725
160330267,2016-02-02,38.42184823,-122.74937479999998
160330268,2016-02-02,38.47332504,-122.6543809
160330269,2016-02-02,38.47250478,-122.64608500000001
160330270,2016-02-02,38.46758688,-122.6467537
160330271,2016-02-02,38.43903444,-122.71295049999999
160330272,2016-02-02,38.44110696,-122.71449820000001
160330274,2016-02-02,38.42610469,-122.72283909999999
160330275,2016-02-02,38.423084,-122.699196
160330276,2016-02-02,38.45938071,-122.73149309999998
160330277,2016-02-02,38.46204646,-122.7256189
160330278,2016-02-02,38.46499934,-122.73263840000001
160330279,2016-02-02,38.46912427,-122.7326346
160330280,2016-02-02,38.46947176,-122.7547635
160330281,2016-02-02,38.46421777,-122.72841559999999
160330282,2016-02-02,38.42610469,-122.72283909999999
160330284,2016-02-02,38.434241,-122.71183899999998
160330285,2016-02-02,38.43665196,-122.71227809999999
160330286,2016-02-02,38.45956577,-122.7190646
160330287,2016-02-02,38.47332504,-122.6543809
160330288,2016-02-02,38.45154944,-122.66967520000001
160330289,2016-02-02,38.43866751,-122.6686739
160330290,2016-02-02,38.47917591,-122.72859240000001
160330291,2016-02-02,38.43670375,-122.7558315
160330292,2016-02-02,38.48276707,-122.6650637
160330293,2016-02-02,38.437075,-122.734909
160330294,2016-02-02,38.39441901,-122.7135334
160330295,2016-02-02,38.42291731,-122.70760179999999
160330297,2016-02-02,38.43971531,-122.71565840000001
160330298,2016-02-02,38.41333341,-122.7171869
160330299,2016-02-02,38.46718776,-122.653636
160330300,2016-02-02,38.4421805,-122.706061
160330301,2016-02-02,38.44053199,-122.70968880000001
160330302,2016-02-02,38.40971025,-122.7134884
160330303,2016-02-02,38.44036347,-122.70283090000001
160330304,2016-02-02,38.47247575,-122.7306991
160330306,2016-02-02,38.40392255,-122.713475
160330307,2016-02-02,38.43535628,-122.7120801
160330308,2016-02-02,38.43852354,-122.7019825
160330309,2016-02-02,38.46912427,-122.7326346
160330310,2016-02-02,38.42652542,-122.7207
160330311,2016-02-02,38.46912427,-122.7326346
160330312,2016-02-02,38.44283969,-122.67294270000001
160330313,2016-02-02,38.45518492,-122.75516929999999
160330314,2016-02-02,38.47779245,-122.76046299999999
160330315,2016-02-02,38.43758957,-122.7014437
160330316,2016-02-02,38.44654316,-122.6880353
160330317,2016-02-02,38.46545044,-122.7224179
160330318,2016-02-02,38.42030020000001,-122.71351090000002
160330320,2016-02-02,38.46248107,-122.6526422
160330321,2016-02-02,38.46081666,-122.71832040000001
160330322,2016-02-02,38.46423828,-122.71643470000001
160330323,2016-02-02,38.40971025,-122.7134884
160330324,2016-02-02,38.43454861,-122.69664309999999
160330325,2016-02-02,38.43454861,-122.69664309999999
160330326,2016-02-02,38.45258756,-122.7513351
160330327,2016-02-02,38.41328316,-122.70426670000002
160330328,2016-02-02,38.46490002,-122.7545084
160330329,2016-02-02,38.45922275,-122.66591650000001
160330330,2016-02-02,38.41646107,-122.70881059999999
160330331,2016-02-02,38.42107583,-122.7060808
160330334,2016-02-02,38.47970235,-122.73446640000002
160330335,2016-02-02,38.46275693,-122.74931380000001
160330336,2016-02-02,38.45803531,-122.6729237
160330337,2016-02-02,38.44554349,-122.71352350000001
160330338,2016-02-02,38.44972,-122.68848009999999
160330339,2016-02-02,38.46421777,-122.72841559999999
160330340,2016-02-02,38.41644952,-122.7135188
160330342,2016-02-02,38.42009407,-122.7026593
160330343,2016-02-02,38.47428388,-122.72853570000001
160330345,2016-02-02,38.45162793,-122.74150359999999
160330346,2016-02-02,38.46101229,-122.71717120000001
160330347,2016-02-02,38.44053199,-122.70968880000001
160330348,2016-02-02,38.43382248,-122.71176990000001
160330349,2016-02-02,38.43998499,-122.7041983
160330352,2016-02-02,38.43291389,-122.6798598
160330353,2016-02-02,38.43719253,-122.7252341
160330356,2016-02-02,38.43827333,-122.71251090000001
160330357,2016-02-02,38.47200718,-122.7381105
160330358,2016-02-02,38.41646107,-122.70881059999999
160330360,2016-02-02,38.44720004,-122.7574601
160330361,2016-02-02,38.41211271,-122.74136740000002
160330362,2016-02-02,38.43800415,-122.7669201
160330364,2016-02-02,38.45546474,-122.7379425
160330365,2016-02-02,38.46505778,-122.71938200000001
160330366,2016-02-02,38.41646107,-122.70881059999999
160330369,2016-02-02,38.46276097,-122.719315
160330370,2016-02-02,38.45496838,-122.6721729
160330371,2016-02-02,38.43742039,-122.7207013
160330372,2016-02-02,38.43742039,-122.7207013
160330373,2016-02-02,38.41998491,-122.7661094
160330375,2016-02-02,38.44383638,-122.76961940000001
160330376,2016-02-02,38.42709837,-122.6955654
160330377,2016-02-02,38.43397061,-122.67100500000001
160330378,2016-02-02,38.44540732,-122.7394594
160340001,2016-02-03,38.45154944,-122.66967520000001
160340002,2016-02-03,38.45154944,-122.66967520000001
160340003,2016-02-03,38.47971181,-122.73813090000002
160340004,2016-02-03,38.45154944,-122.66967520000001
160340005,2016-02-03,38.46248107,-122.6526422
160340006,2016-02-03,38.47971079,-122.7352915
160340007,2016-02-03,38.43800415,-122.7669201
160340008,2016-02-03,38.43665196,-122.71227809999999
160340009,2016-02-03,38.43862443,-122.71994099999999
160340010,2016-02-03,38.45336896,-122.717404
160340011,2016-02-03,38.40172352,-122.71088229999998
160340012,2016-02-03,38.46101229,-122.71717120000001
160340014,2016-02-03,38.45991177,-122.7284087
160340016,2016-02-03,38.43723872,-122.70664579999999
160340017,2016-02-03,38.434957399999995,-122.6823515
160340018,2016-02-03,38.46808224,-122.7603815
160340020,2016-02-03,38.45729964,-122.7155831
160340021,2016-02-03,38.46064396,-122.7193733
160340022,2016-02-03,38.40817655,-122.74145630000001
160340023,2016-02-03,38.45938071,-122.73149309999998
160340025,2016-02-03,38.45332356,-122.71574790000001
160340026,2016-02-03,38.44554535,-122.73680139999999
160340027,2016-02-03,38.45681756,-122.7449037
160340029,2016-02-03,38.41646107,-122.70881059999999
160340030,2016-02-03,38.45730241,-122.6712994
160340031,2016-02-03,38.44285521,-122.7017068
160340032,2016-02-03,38.47293712,-122.7344301
160340033,2016-02-03,38.44053199,-122.70968880000001
160340034,2016-02-03,38.44227895,-122.72239669999999
160340035,2016-02-03,38.44338039,-122.7133716
160340036,2016-02-03,38.42135934,-122.7147642
160340037,2016-02-03,38.44581123,-122.72344869999999
160340038,2016-02-03,38.44547587,-122.7383189
160340041,2016-02-03,38.409234000000005,-122.744983
160340042,2016-02-03,38.440041799999996,-122.7209865
160340043,2016-02-03,38.45496838,-122.6721729
160340044,2016-02-03,38.44114633,-122.71012549999999
160340045,2016-02-03,38.44227895,-122.72239669999999
160340046,2016-02-03,38.46421777,-122.72841559999999
160340047,2016-02-03,38.43379484,-122.74240049999999
160340048,2016-02-03,38.45496838,-122.6721729
160340051,2016-02-03,38.44106649,-122.72008590000002
160340054,2016-02-03,38.45998549,-122.7302449
160340055,2016-02-03,38.47218833,-122.7563165
160340056,2016-02-03,38.46623454,-122.73023130000001
160340058,2016-02-03,38.45363033,-122.72840559999999
160340059,2016-02-03,38.42440817,-122.7515988
160340060,2016-02-03,38.42631489,-122.7483847
160340061,2016-02-03,38.46311909,-122.7182737
160340062,2016-02-03,38.42600457,-122.73510470000001
160340063,2016-02-03,38.41711771,-122.7539799
160340065,2016-02-03,38.42866101,-122.74153390000002
160340068,2016-02-03,38.44306762,-122.7140585
160340069,2016-02-03,38.46919178,-122.72937320000001
160340070,2016-02-03,38.46315826,-122.66747439999999
160340072,2016-02-03,38.46894485,-122.67676499999999
160340076,2016-02-03,38.42205332,-122.72923259999999
160340077,2016-02-03,38.44097699,-122.7338133
160340078,2016-02-03,38.47330973,-122.67563490000002
160340079,2016-02-03,38.47970235,-122.73446640000002
160340082,2016-02-03,38.45120446,-122.7430638
160340084,2016-02-03,38.44389693,-122.708675
160340085,2016-02-03,38.45730241,-122.6712994
160340086,2016-02-03,38.43477608,-122.736604
160340089,2016-02-03,38.46148867,-122.67626429999999
160340090,2016-02-03,38.42721652,-122.7132107
160340092,2016-02-03,38.43460978,-122.71191840000002
160340093,2016-02-03,38.43587467,-122.71551409999998
160340098,2016-02-03,38.41423123,-122.72930159999999
160340099,2016-02-03,38.44036347,-122.70283090000001
160340100,2016-02-03,38.47496921,-122.6745622
160340102,2016-02-03,38.41906182,-122.70772959999998
160340103,2016-02-03,38.43365196,-122.74009609999999
160340105,2016-02-03,38.44554349,-122.71352350000001
160340108,2016-02-03,38.403502200000005,-122.7414703
160340109,2016-02-03,38.43307028,-122.7149396
160340110,2016-02-03,38.45082185,-122.6954202
160340111,2016-02-03,38.42764531,-122.72495900000001
160340112,2016-02-03,38.47037713,-122.7229361
160340114,2016-02-03,38.42441393,-122.7066315
160340115,2016-02-03,38.45884356,-122.7326085
160340117,2016-02-03,38.42648514,-122.7601703
160340118,2016-02-03,38.440041799999996,-122.7209865
160340119,2016-02-03,38.42568262,-122.7319736
160340121,2016-02-03,38.42984924,-122.74171740000001
160340122,2016-02-03,38.45870787,-122.7383884
160340123,2016-02-03,38.43936852,-122.72656640000001
160340124,2016-02-03,38.42938384,-122.7621621
160340125,2016-02-03,38.47330973,-122.67563490000002
160340126,2016-02-03,38.43897984,-122.7107765
160340129,2016-02-03,38.44166603,-122.6981038
160340130,2016-02-03,38.444698200000005,-122.7577131
160340131,2016-02-03,38.44082792,-122.72891000000001
160340132,2016-02-03,38.48286592,-122.7472031
160340134,2016-02-03,38.42608214,-122.66683090000001
160340135,2016-02-03,38.44492385,-122.676819
160340136,2016-02-03,38.46210603,-122.74463030000001
160340137,2016-02-03,38.455409499999995,-122.72817260000001
160340138,2016-02-03,38.4349256,-122.709445
160340140,2016-02-03,38.44531078,-122.71774199999999
160340142,2016-02-03,38.43961792,-122.6764838
160340143,2016-02-03,38.48209519,-122.72108359999999
160340144,2016-02-03,38.42755502,-122.69388470000001
160340145,2016-02-03,38.43665196,-122.71227809999999
160340146,2016-02-03,38.46545809,-122.7153523
160340147,2016-02-03,38.43897984,-122.7107765
160340149,2016-02-03,38.42628117,-122.65781170000001
160340150,2016-02-03,38.42228018,-122.7094669
160340151,2016-02-03,38.45884356,-122.7326085
160340152,2016-02-03,38.44046206,-122.7140115
160340153,2016-02-03,38.42386438,-122.7081955
160340154,2016-02-03,38.437332299999994,-122.74285379999999
160340155,2016-02-03,38.43372932,-122.7286318
160340156,2016-02-03,38.42354013,-122.6988081
160340158,2016-02-03,38.43286531,-122.68910249999999
160340159,2016-02-03,38.46121774,-122.71653300000001
160340160,2016-02-03,38.43980197,-122.6853689
160340161,2016-02-03,38.47082783,-122.6439594
160340162,2016-02-03,38.43903444,-122.71295049999999
160340163,2016-02-03,38.41646107,-122.70881059999999
160340165,2016-02-03,38.44033732,-122.6543077
160340166,2016-02-03,38.4642155,-122.7302291
160340169,2016-02-03,38.44531834,-122.76488229999998
160340170,2016-02-03,38.46446004,-122.7669668
160340174,2016-02-03,38.46311909,-122.7182737
160340175,2016-02-03,38.44110696,-122.71449820000001
160340177,2016-02-03,38.45997829,-122.7406116
160340178,2016-02-03,38.44531834,-122.76488229999998
160340181,2016-02-03,38.41133518,-122.70992779999999
160340183,2016-02-03,38.44379613,-122.706748
160340184,2016-02-03,38.45956577,-122.7190646
160340185,2016-02-03,38.46954965,-122.7596794
160340186,2016-02-03,38.45884356,-122.7326085
160340188,2016-02-03,38.45956577,-122.7190646
160340189,2016-02-03,38.43082934,-122.69408510000001
160340190,2016-02-03,38.4706296,-122.7340472
160340191,2016-02-03,38.46954255,-122.75829579999998
160340192,2016-02-03,38.45259497,-122.670344
160340194,2016-02-03,38.45706108,-122.7373132
160340195,2016-02-03,38.44577885,-122.72255679999999
160340196,2016-02-03,38.43024644,-122.7269034
160340197,2016-02-03,38.44581039,-122.7304284
160340198,2016-02-03,38.406352000000005,-122.711701
160340199,2016-02-03,38.41646107,-122.70881059999999
160340200,2016-02-03,38.440376799999996,-122.744635
160340201,2016-02-03,38.46233298,-122.7417378
160340202,2016-02-03,38.4380231,-122.77030900000001
160340203,2016-02-03,38.46311909,-122.7182737
160340204,2016-02-03,38.43033883,-122.7175395
160340205,2016-02-03,38.46121774,-122.71653300000001
160340206,2016-02-03,38.44403502,-122.70426709999998
160340207,2016-02-03,38.45956577,-122.7190646
160340208,2016-02-03,38.45909335,-122.71717520000001
160340209,2016-02-03,38.4776917,-122.74271470000001
160340211,2016-02-03,38.44036347,-122.70283090000001
160340213,2016-02-03,38.44901979,-122.70014779999998
160340215,2016-02-03,38.44581039,-122.7304284
160340217,2016-02-03,38.42197193,-122.7103328
160340218,2016-02-03,38.444713,-122.665704
160340219,2016-02-03,38.42330782,-122.72818810000001
160340220,2016-02-03,38.40195457,-122.71710420000001
160340221,2016-02-03,38.42205332,-122.72923259999999
160340222,2016-02-03,38.44531078,-122.71774199999999
160340223,2016-02-03,38.44531078,-122.71774199999999
160340224,2016-02-03,38.44392348,-122.7187663
160340225,2016-02-03,38.44114633,-122.71012549999999
160340226,2016-02-03,38.47330973,-122.67563490000002
160340228,2016-02-03,38.44121202,-122.7123828
160340229,2016-02-03,38.44495637,-122.724597
160340230,2016-02-03,38.4414495,-122.7190885
160340231,2016-02-03,38.45812259,-122.7358441
160340232,2016-02-03,38.43665196,-122.71227809999999
160340233,2016-02-03,38.44090173,-122.7301331
160340235,2016-02-03,38.46317975,-122.7446453
160340236,2016-02-03,38.44090173,-122.7301331
160340237,2016-02-03,38.44121202,-122.7123828
160340239,2016-02-03,38.47312575,-122.7452121
160340241,2016-02-03,38.44121202,-122.7123828
160340242,2016-02-03,38.43227698,-122.7114314
160340243,2016-02-03,38.4394771,-122.72221869999998
160340244,2016-02-03,38.42478243,-122.6741475
160340245,2016-02-03,38.46248107,-122.6526422
160340246,2016-02-03,38.44121202,-122.7123828
160340248,2016-02-03,38.40971025,-122.7134884
160340249,2016-02-03,38.44972,-122.68848009999999
160340250,2016-02-03,38.4453395,-122.7417051
160340252,2016-02-03,38.43879551,-122.7084638
160340253,2016-02-03,38.43033883,-122.7175395
160340254,2016-02-03,38.44036347,-122.70283090000001
160340256,2016-02-03,38.44173424,-122.68725659999998
160340257,2016-02-03,38.43876378,-122.7216926
160340259,2016-02-03,38.42894733,-122.73236999999999
160340260,2016-02-03,38.432080299999996,-122.7190497
160340261,2016-02-03,38.44729904,-122.67760200000001
160340262,2016-02-03,38.46275693,-122.74931380000001
160340263,2016-02-03,38.45735888,-122.71725579999999
160340264,2016-02-03,38.44233018,-122.76391869999999
160340265,2016-02-03,38.43275302,-122.74586409999998
160340266,2016-02-03,38.40561156,-122.71347479999999
160340267,2016-02-03,38.4515494,-122.7174904
160340269,2016-02-03,38.43657615,-122.72009369999999
160340270,2016-02-03,38.46311909,-122.7182737
160340271,2016-02-03,38.46483701,-122.74657009999999
160340272,2016-02-03,38.43456184,-122.6997523
160340273,2016-02-03,38.44039704,-122.7117999
160340274,2016-02-03,38.437332299999994,-122.74285379999999
160340275,2016-02-03,38.46713873,-122.75460690000001
160340277,2016-02-03,38.43370644,-122.6872527
160340278,2016-02-03,38.45254856,-122.7696375
160340279,2016-02-03,38.41333341,-122.7171869
160340280,2016-02-03,38.42943412,-122.6682836
160340281,2016-02-03,38.41646151,-122.71112859999998
160340282,2016-02-03,38.48320801,-122.73461189999999
160340283,2016-02-03,38.45993819,-122.7267705
160340284,2016-02-03,38.45154944,-122.66967520000001
160340286,2016-02-03,38.42984924,-122.74171740000001
160340287,2016-02-03,38.46101047,-122.71060890000001
160340288,2016-02-03,38.43876378,-122.7216926
160340289,2016-02-03,38.43871497,-122.72803590000002
160340291,2016-02-03,38.45803531,-122.6729237
160340292,2016-02-03,38.43454861,-122.69664309999999
160340294,2016-02-03,38.46714325,-122.76007800000001
160340295,2016-02-03,38.46973047,-122.73660500000001
160340296,2016-02-03,38.46923636,-122.72199540000001
160340297,2016-02-03,38.4440092,-122.60896629999999
160340298,2016-02-03,38.42757228,-122.7073644
160340299,2016-02-03,38.4776917,-122.74271470000001
160340300,2016-02-03,38.43903444,-122.71295049999999
160340301,2016-02-03,38.46101229,-122.71717120000001
160340302,2016-02-03,38.44540732,-122.7394594
160340303,2016-02-03,38.44562427,-122.7160877
160340304,2016-02-03,38.43789585,-122.6762431
160340305,2016-02-03,38.46204646,-122.7256189
160340306,2016-02-03,38.4452399,-122.75130279999999
160340307,2016-02-03,38.43684506,-122.70821090000001
160340308,2016-02-03,38.455409499999995,-122.72817260000001
160340309,2016-02-03,38.46204646,-122.7256189
160340310,2016-02-03,38.41728524,-122.6914179
160340311,2016-02-03,38.45065962,-122.7158544
160340312,2016-02-03,38.425103,-122.70460220000001
160340313,2016-02-03,38.44939856,-122.6699683
160340314,2016-02-03,38.46121774,-122.71653300000001
160340315,2016-02-03,38.41137304,-122.7352834
160340317,2016-02-03,38.45476696,-122.7173608
160340318,2016-02-03,38.478157,-122.6647818
160340319,2016-02-03,38.44036347,-122.70283090000001
160340320,2016-02-03,38.45803531,-122.6729237
160340323,2016-02-03,38.4379375,-122.7615328
160340324,2016-02-03,38.45909335,-122.71717520000001
160340325,2016-02-03,38.45991177,-122.7284087
160340326,2016-02-03,38.47971079,-122.7352915
160340327,2016-02-03,38.44522915,-122.71871850000001
160340328,2016-02-03,38.44788986,-122.7176592
160340329,2016-02-03,38.45254856,-122.7696375
160340331,2016-02-03,38.43814749,-122.6705116
160340334,2016-02-03,38.40950263,-122.7321369
160340335,2016-02-03,38.45640045,-122.7116758
160340336,2016-02-03,38.47686128,-122.7381217
160340337,2016-02-03,38.46912427,-122.7326346
160340338,2016-02-03,38.43971531,-122.71565840000001
160340339,2016-02-03,38.44072571,-122.71343290000002
160340340,2016-02-03,38.4706443,-122.72981340000001
160340341,2016-02-03,38.465888,-122.741677
160340342,2016-02-03,38.45216574,-122.7264607
160340343,2016-02-03,38.44036347,-122.70283090000001
160340346,2016-02-03,38.46311909,-122.7182737
160340347,2016-02-03,38.46311909,-122.7182737
160340348,2016-02-03,38.45993819,-122.7267705
160340350,2016-02-03,38.41137304,-122.7352834
160340351,2016-02-03,38.413219700000006,-122.7135365
160340352,2016-02-03,38.47247575,-122.7306991
160340353,2016-02-03,38.45993819,-122.7267705
160340354,2016-02-03,38.45791624,-122.76456019999999
160340356,2016-02-03,38.44155811,-122.73775259999998
160340357,2016-02-03,38.44550263,-122.7123095
160340358,2016-02-03,38.44577885,-122.72255679999999
160340359,2016-02-03,38.44589407,-122.726646
160340360,2016-02-03,38.46414468,-122.7224179
160340361,2016-02-03,38.43894087,-122.71507849999999
160340362,2016-02-03,38.41944926,-122.74740190000001
160340363,2016-02-03,38.42604873,-122.7169398
160340364,2016-02-03,38.45336896,-122.717404
160340365,2016-02-03,38.47428388,-122.72853570000001
160340366,2016-02-03,38.46590055,-122.73888570000001
160340367,2016-02-03,38.44589407,-122.726646
160340368,2016-02-03,38.43840614,-122.7225159
160340373,2016-02-03,38.40183154,-122.7293824
160340374,2016-02-03,38.46248107,-122.6526422
160340375,2016-02-03,38.4946109,-122.70681780000001
160340376,2016-02-03,38.446513,-122.75633799999999
160340377,2016-02-03,38.47979384,-122.7552378
160340379,2016-02-03,38.44036347,-122.70283090000001
160340380,2016-02-03,38.45884356,-122.7326085
160340381,2016-02-03,38.46248107,-122.6526422
160340382,2016-02-03,38.41649031,-122.70427279999998
160340383,2016-02-03,38.47051345,-122.64238619999999
160340385,2016-02-03,38.45993819,-122.7267705
160340386,2016-02-03,38.43852354,-122.7019825
160340387,2016-02-03,38.42984924,-122.74171740000001
160340388,2016-02-03,38.47366415,-122.7332023
160340389,2016-02-03,38.43101245,-122.7093524
160340390,2016-02-03,38.45476696,-122.7173608
160350001,2016-02-04,38.41442702,-122.7194817
160350002,2016-02-04,38.41429399,-122.71748640000001
160350003,2016-02-04,38.47971181,-122.73813090000002
160350004,2016-02-04,38.46423828,-122.71643470000001
160350005,2016-02-04,38.46001923,-122.72375729999999
160350006,2016-02-04,38.46623454,-122.73023130000001
160350007,2016-02-04,38.41861552,-122.71351829999999
160350008,2016-02-04,38.448648,-122.75248219999999
160350009,2016-02-04,38.44114633,-122.71012549999999
160350010,2016-02-04,38.44669518,-122.74461699999999
160350011,2016-02-04,38.48064997,-122.6651565
160350012,2016-02-04,38.40185186,-122.72326329999999
160350013,2016-02-04,38.43955238,-122.67158059999998
160350014,2016-02-04,38.4414286,-122.71379180000001
160350015,2016-02-04,38.434957399999995,-122.6823515
160350016,2016-02-04,38.44522915,-122.71871850000001
160350017,2016-02-04,38.45029799,-122.68860159999998
160350018,2016-02-04,38.44198325,-122.72407240000001
160350019,2016-02-04,38.4388948,-122.68720800000001
160350021,2016-02-04,38.45991177,-122.7284087
160350022,2016-02-04,38.46720043,-122.72433079999999
160350025,2016-02-04,38.44173424,-122.68725659999998
160350027,2016-02-04,38.46505778,-122.71938200000001
160350028,2016-02-04,38.4339454,-122.69939879999998
160350029,2016-02-04,38.45884532,-122.72293140000001
160350030,2016-02-04,38.45938071,-122.73149309999998
160350031,2016-02-04,38.45997246,-122.72571909999999
160350032,2016-02-04,38.45991177,-122.7284087
160350034,2016-02-04,38.42135934,-122.7147642
160350036,2016-02-04,38.46421777,-122.72841559999999
160350037,2016-02-04,38.45998549,-122.7302449
160350038,2016-02-04,38.46081666,-122.71832040000001
160350039,2016-02-04,38.45998808,-122.72469280000001
160350040,2016-02-04,38.45998549,-122.7302449
160350042,2016-02-04,38.43903444,-122.71295049999999
160350043,2016-02-04,38.46919178,-122.72937320000001
160350044,2016-02-04,38.42197193,-122.7103328
160350046,2016-02-04,38.46911416,-122.7036761
160350048,2016-02-04,38.43606599,-122.7451718
160350050,2016-02-04,38.46840455,-122.70757859999999
160350051,2016-02-04,38.44719263,-122.701373
160350052,2016-02-04,38.48721196,-122.7069247
160350053,2016-02-04,38.44285521,-122.7017068
160350054,2016-02-04,38.44564739,-122.7177125
160350055,2016-02-04,38.43286531,-122.68910249999999
160350057,2016-02-04,38.46148867,-122.67626429999999
160350058,2016-02-04,38.4695314,-122.7627481
160350059,2016-02-04,38.46031705,-122.674472
160350060,2016-02-04,38.42894733,-122.73236999999999
160350061,2016-02-04,38.46720043,-122.72433079999999
160350062,2016-02-04,38.42952454,-122.720975
160350063,2016-02-04,38.44079665,-122.70127109999999
160350064,2016-02-04,38.4317809,-122.720331
160350065,2016-02-04,38.40674151,-122.72020479999999
160350067,2016-02-04,38.44036347,-122.70283090000001
160350068,2016-02-04,38.42952454,-122.720975
160350069,2016-02-04,38.43118849,-122.72284590000001
160350070,2016-02-04,38.44173424,-122.68725659999998
160350071,2016-02-04,38.432156,-122.73776200000002
160350072,2016-02-04,38.44451414,-122.68771240000001
160350073,2016-02-04,38.42672233,-122.73209170000001
160350075,2016-02-04,38.44173424,-122.68725659999998
160350076,2016-02-04,38.45791624,-122.76456019999999
160350077,2016-02-04,38.42672233,-122.73209170000001
160350078,2016-02-04,38.43980197,-122.6853689
160350079,2016-02-04,38.46101229,-122.71717120000001
160350080,2016-02-04,38.44330594,-122.67646459999999
160350082,2016-02-04,38.44114633,-122.71012549999999
160350083,2016-02-04,38.45437446,-122.7321686
160350084,2016-02-04,38.45730241,-122.6712994
160350085,2016-02-04,38.44315547,-122.7081412
160350086,2016-02-04,38.46030249,-122.66597340000001
160350088,2016-02-04,38.44038228,-122.7161508
160350089,2016-02-04,38.47471494,-122.7286683
160350091,2016-02-04,38.44304092,-122.7105672
160350092,2016-02-04,38.45880608,-122.717197
160350093,2016-02-04,38.44369165,-122.7111923
160350094,2016-02-04,38.47586435,-122.75635030000001
160350095,2016-02-04,38.433329,-122.735665
160350096,2016-02-04,38.45496838,-122.6721729
160350097,2016-02-04,38.41906182,-122.70772959999998
160350098,2016-02-04,38.47445236,-122.6620158
160350100,2016-02-04,38.43056197,-122.69242009999999
160350101,2016-02-04,38.47258833,-122.66203190000002
160350102,2016-02-04,38.433329,-122.735665
160350103,2016-02-04,38.50741635,-122.7194858
160350105,2016-02-04,38.47443223,-122.75508490000001
160350107,2016-02-04,38.43141635,-122.5766679
160350108,2016-02-04,38.42518144,-122.7283925
160350109,2016-02-04,38.47287954,-122.661204
160350110,2016-02-04,38.43980197,-122.6853689
160350114,2016-02-04,38.45956577,-122.7190646
160350115,2016-02-04,38.41937915,-122.7185989
160350116,2016-02-04,38.4171506,-122.7175098
160350117,2016-02-04,38.43379484,-122.74240049999999
160350118,2016-02-04,38.44250791,-122.721028
160350119,2016-02-04,38.45974038,-122.7429957
160350120,2016-02-04,38.44106649,-122.72008590000002
160350121,2016-02-04,38.42519709,-122.6657795
160350122,2016-02-04,38.47347489,-122.65949779999998
160350123,2016-02-04,38.44363803,-122.721861
160350124,2016-02-04,38.41618927,-122.71351899999999
160350125,2016-02-04,38.45045002,-122.75132109999998
160350126,2016-02-04,38.41689989,-122.70285770000001
160350127,2016-02-04,38.42546158,-122.6692824
160350128,2016-02-04,38.42235931,-122.76636370000001
160350129,2016-02-04,38.45803531,-122.6729237
160350130,2016-02-04,38.46731621,-122.74864280000001
160350131,2016-02-04,38.45057648,-122.7133419
160350132,2016-02-04,38.44036347,-122.70283090000001
160350133,2016-02-04,38.44036347,-122.70283090000001
160350134,2016-02-04,38.47443223,-122.75508490000001
160350135,2016-02-04,38.45880608,-122.717197
160350136,2016-02-04,38.45875672,-122.7152612
160350137,2016-02-04,38.44522915,-122.71871850000001
160350139,2016-02-04,38.47297747,-122.72614070000002
160350140,2016-02-04,38.46482899,-122.65142639999999
160350141,2016-02-04,38.44046206,-122.7140115
160350142,2016-02-04,38.45648428,-122.71429669999999
160350144,2016-02-04,38.42173334,-122.7437504
160350145,2016-02-04,38.43205625,-122.7056172
160350146,2016-02-04,38.45956577,-122.7190646
160350147,2016-02-04,38.44002475,-122.74113940000001
160350148,2016-02-04,38.44429773,-122.69265940000001
160350149,2016-02-04,38.40971025,-122.7134884
160350150,2016-02-04,38.40907613,-122.7353186
160350153,2016-02-04,38.44350903,-122.6990703
160350155,2016-02-04,38.42652542,-122.7207
160350156,2016-02-04,38.43630332,-122.75033540000001
160350157,2016-02-04,38.44550263,-122.7123095
160350160,2016-02-04,38.427652,-122.745051
160350161,2016-02-04,38.45997246,-122.72571909999999
160350162,2016-02-04,38.42473645,-122.7087034
160350163,2016-02-04,38.43379484,-122.74240049999999
160350164,2016-02-04,38.4371594,-122.74624920000001
160350165,2016-02-04,38.437332299999994,-122.74285379999999
160350166,2016-02-04,38.43758856,-122.70864420000001
160350167,2016-02-04,38.46172539,-122.7696703
160350169,2016-02-04,38.42674234,-122.7430645
160350170,2016-02-04,38.43933916,-122.6690688
160350172,2016-02-04,38.42546158,-122.6692824
160350173,2016-02-04,38.43503951,-122.7663513
160350174,2016-02-04,38.40185186,-122.72326329999999
160350175,2016-02-04,38.45956577,-122.7190646
160350176,2016-02-04,38.41748986,-122.70190890000002
160350178,2016-02-04,38.45812259,-122.7358441
160350179,2016-02-04,38.44036347,-122.70283090000001
160350180,2016-02-04,38.44564739,-122.7177125
160350182,2016-02-04,38.43008292,-122.6936476
160350183,2016-02-04,38.45998363,-122.7346763
160350184,2016-02-04,38.40674151,-122.72020479999999
160350185,2016-02-04,38.41151265,-122.713498
160350188,2016-02-04,38.47971079,-122.7352915
160350189,2016-02-04,38.44076213,-122.7215076
160350190,2016-02-04,38.46887029,-122.643739
160350191,2016-02-04,38.45812259,-122.7358441
160350192,2016-02-04,38.46738479,-122.74249879999999
160350193,2016-02-04,38.46594237,-122.63250420000001
160350194,2016-02-04,38.45909335,-122.71717520000001
160350195,2016-02-04,38.4371594,-122.74624920000001
160350196,2016-02-04,38.455409499999995,-122.72817260000001
160350197,2016-02-04,38.42902192,-122.76938090000002
160350198,2016-02-04,38.44260421,-122.71777730000001
160350199,2016-02-04,38.42763646,-122.73785079999999
160350200,2016-02-04,38.42461893,-122.7175544
160350202,2016-02-04,38.41649031,-122.70427279999998
160350203,2016-02-04,38.42823724,-122.6639304
160350204,2016-02-04,38.48069172,-122.7517707
160350205,2016-02-04,38.44979643,-122.66856159999999
160350206,2016-02-04,38.43327339,-122.6955023
160350207,2016-02-04,38.43574207,-122.7414237
160350209,2016-02-04,38.44669518,-122.74461699999999
160350210,2016-02-04,38.42819163,-122.66955420000001
160350211,2016-02-04,38.42441393,-122.7066315
160350212,2016-02-04,38.46916414,-122.72436090000002
160350213,2016-02-04,38.40971025,-122.7134884
160350214,2016-02-04,38.43992913,-122.7193773
160350215,2016-02-04,38.44810675,-122.72450559999999
160350216,2016-02-04,38.5080989,-122.75372469999999
160350217,2016-02-04,38.42703197,-122.6655563
160350218,2016-02-04,38.46423828,-122.71643470000001
160350219,2016-02-04,38.47335547,-122.7328436
160350220,2016-02-04,38.44173424,-122.68725659999998
160350221,2016-02-04,38.45465942,-122.7130178
160350222,2016-02-04,38.47153876,-122.71080559999999
160350224,2016-02-04,38.40172352,-122.71088229999998
160350225,2016-02-04,38.45909335,-122.71717520000001
160350226,2016-02-04,38.44036347,-122.70283090000001
160350227,2016-02-04,38.43701961,-122.7158571
160350228,2016-02-04,38.47536781,-122.7323398
160350230,2016-02-04,38.47062292,-122.73575770000001
160350231,2016-02-04,38.44036347,-122.70283090000001
160350233,2016-02-04,38.45399065,-122.7143909
160350234,2016-02-04,38.45884356,-122.7326085
160350235,2016-02-04,38.45861228,-122.7105803
160350236,2016-02-04,38.44285521,-122.7017068
160350237,2016-02-04,38.47057796,-122.73832979999999
160350238,2016-02-04,38.46248107,-122.6526422
160350239,2016-02-04,38.47062292,-122.73575770000001
160350240,2016-02-04,38.46911581,-122.73471
160350241,2016-02-04,38.46460881,-122.7389412
160350243,2016-02-04,38.45861228,-122.7105803
160350244,2016-02-04,38.44036347,-122.70283090000001
160350245,2016-02-04,38.44036347,-122.70283090000001
160350246,2016-02-04,38.46172539,-122.7696703
160350248,2016-02-04,38.42441393,-122.7066315
160350249,2016-02-04,38.44036347,-122.70283090000001
160350250,2016-02-04,38.42205332,-122.72923259999999
160350251,2016-02-04,38.46421777,-122.72841559999999
160350252,2016-02-04,38.44036347,-122.70283090000001
160350253,2016-02-04,38.42866101,-122.74153390000002
160350254,2016-02-04,38.46720043,-122.72433079999999
160350255,2016-02-04,38.43139518,-122.76384070000002
160350256,2016-02-04,38.44114633,-122.71012549999999
160350259,2016-02-04,38.40971025,-122.7134884
160350260,2016-02-04,38.45993819,-122.7267705
160350262,2016-02-04,38.46204646,-122.7256189
160350263,2016-02-04,38.46923636,-122.72199540000001
160350264,2016-02-04,38.41151265,-122.713498
160350265,2016-02-04,38.42978207,-122.7194327
160350267,2016-02-04,38.40674665,-122.71640320000002
160350268,2016-02-04,38.43814749,-122.6705116
160350269,2016-02-04,38.44036347,-122.70283090000001
160350270,2016-02-04,38.43286531,-122.68910249999999
160350271,2016-02-04,38.43033883,-122.7175395
160350272,2016-02-04,38.44036347,-122.70283090000001
160350274,2016-02-04,38.44110696,-122.71449820000001
160350277,2016-02-04,38.47148370000001,-122.73962809999999
160350278,2016-02-04,38.41373458,-122.75017460000001
160350279,2016-02-04,38.44410533,-122.7456986
160350280,2016-02-04,38.41646107,-122.70881059999999
160350281,2016-02-04,38.45658811,-122.7172915
160350284,2016-02-04,38.44036347,-122.70283090000001
160350286,2016-02-04,38.45818345,-122.63423689999999
160350287,2016-02-04,38.47970235,-122.73446640000002
160350288,2016-02-04,38.45057028,-122.6795332
160350289,2016-02-04,38.44036347,-122.70283090000001
160350291,2016-02-04,38.47873366,-122.75089170000001
160350292,2016-02-04,38.43876378,-122.7216926
160350294,2016-02-04,38.465888,-122.741677
160350295,2016-02-04,38.47686128,-122.7381217
160350297,2016-02-04,38.434241,-122.71183899999998
160350298,2016-02-04,38.40285389,-122.71089180000001
160350299,2016-02-04,38.44214069,-122.7152604
160350300,2016-02-04,38.45884532,-122.72293140000001
160350303,2016-02-04,38.45938071,-122.73149309999998
160350304,2016-02-04,38.44137585,-122.7419897
160350305,2016-02-04,38.43547415,-122.57820079999999
160350306,2016-02-04,38.43307028,-122.7149396
160350307,2016-02-04,38.47547965,-122.65024720000001
160350308,2016-02-04,38.40911155,-122.732242
160350309,2016-02-04,38.45991177,-122.7284087
160350311,2016-02-04,38.47543794,-122.6721236
160350312,2016-02-04,38.42674234,-122.7430645
160350313,2016-02-04,38.44036347,-122.70283090000001
160350314,2016-02-04,38.46296651,-122.7164774
160350315,2016-02-04,38.46383244,-122.6649856
160350317,2016-02-04,38.43263618,-122.7260264
160350318,2016-02-04,38.46148867,-122.67626429999999
160350319,2016-02-04,38.44302503,-122.7060213
160350320,2016-02-04,38.43800758,-122.76873909999998
160350321,2016-02-04,38.40172352,-122.71088229999998
160350322,2016-02-04,38.45363033,-122.72840559999999
160350325,2016-02-04,38.45812259,-122.7358441
160350327,2016-02-04,38.44403502,-122.70426709999998
160350329,2016-02-04,38.43110338,-122.77071389999999
160350331,2016-02-04,38.45884356,-122.7326085
160350333,2016-02-04,38.44307872,-122.66281709999998
160350334,2016-02-04,38.42449841,-122.7501289
160350335,2016-02-04,38.43383523,-122.6701507
160350336,2016-02-04,38.44292593,-122.70452560000001
160350337,2016-02-04,38.41646107,-122.70881059999999
160350338,2016-02-04,38.47037713,-122.7229361
160350339,2016-02-04,38.46686692,-122.6325865
160350340,2016-02-04,38.42077055,-122.71735149999999
160350341,2016-02-04,38.41646107,-122.70881059999999
160350342,2016-02-04,38.464118,-122.72433000000001
160350343,2016-02-04,38.43992913,-122.7193773
160350344,2016-02-04,38.4649157,-122.6533696
160350345,2016-02-04,38.46248107,-122.6526422
160350346,2016-02-04,38.44036347,-122.70283090000001
160350347,2016-02-04,38.46311909,-122.7182737
160350349,2016-02-04,38.45459814,-122.710618
160350351,2016-02-04,38.425103,-122.70460220000001
160350352,2016-02-04,38.44036347,-122.70283090000001
160350353,2016-02-04,38.44036347,-122.70283090000001
160350354,2016-02-04,38.41861552,-122.71351829999999
160350355,2016-02-04,38.45437446,-122.7321686
160350356,2016-02-04,38.44146345,-122.7398986
160350357,2016-02-04,38.44540732,-122.7394594
160350358,2016-02-04,38.44502941,-122.6703106
160350359,2016-02-04,38.42978491,-122.72890819999999
160350360,2016-02-04,38.44589407,-122.726646
160350361,2016-02-04,38.45029799,-122.68860159999998
160350362,2016-02-04,38.45884356,-122.7326085
160350363,2016-02-04,38.434957399999995,-122.6823515
160350365,2016-02-04,38.45651115,-122.7362721
160350366,2016-02-04,38.45997829,-122.7406116
160350367,2016-02-04,38.44577885,-122.72255679999999
160350368,2016-02-04,38.43056197,-122.69242009999999
160350369,2016-02-04,38.43759163,-122.67906529999999
160350370,2016-02-04,38.43467037,-122.7241972
160350371,2016-02-04,38.46505778,-122.71938200000001
160350372,2016-02-04,38.44306762,-122.7140585
160350373,2016-02-04,38.47899825,-122.6906848
160350374,2016-02-04,38.440041799999996,-122.7209865
160350375,2016-02-04,38.45997358,-122.73261799999999
160350376,2016-02-04,38.45993819,-122.7267705
160350377,2016-02-04,38.45258756,-122.7513351
160350378,2016-02-04,38.40186649,-122.71348429999999
160350379,2016-02-04,38.43507093,-122.70536129999999
160350381,2016-02-04,38.45258756,-122.7513351
160350382,2016-02-04,38.413219700000006,-122.7135365
160350383,2016-02-04,38.47970235,-122.73446640000002
160350384,2016-02-04,38.41164352,-122.73429080000001
160350385,2016-02-04,38.43800415,-122.7669201
160350386,2016-02-04,38.44403502,-122.70426709999998
160350387,2016-02-04,38.44751446,-122.7696459
160360001,2016-02-05,38.42927515,-122.7567844
160360002,2016-02-05,38.42674234,-122.7430645
160360003,2016-02-05,38.40183154,-122.7293824
160360004,2016-02-05,38.43544984,-122.75192290000001
160360005,2016-02-05,38.432281,-122.7364231
160360006,2016-02-05,38.47827155,-122.7161967
160360007,2016-02-05,38.47971079,-122.7352915
160360009,2016-02-05,38.44121202,-122.7123828
160360010,2016-02-05,38.43800415,-122.7669201
160360011,2016-02-05,38.44508468,-122.66430929999999
160360012,2016-02-05,38.44392348,-122.7187663
160360013,2016-02-05,38.44403502,-122.70426709999998
160360014,2016-02-05,38.45612047,-122.72569250000001
160360016,2016-02-05,38.43758957,-122.7014437
160360018,2016-02-05,38.46101229,-122.71717120000001
160360019,2016-02-05,38.44036347,-122.70283090000001
160360020,2016-02-05,38.46421777,-122.72841559999999
160360021,2016-02-05,38.46421777,-122.72841559999999
160360022,2016-02-05,38.46282693,-122.70744920000001
160360023,2016-02-05,38.41271566,-122.71948300000001
160360024,2016-02-05,38.42266675,-122.71351979999999
160360025,2016-02-05,38.43460978,-122.71191840000002
160360026,2016-02-05,38.44285521,-122.7017068
160360027,2016-02-05,38.46081666,-122.71832040000001
160360028,2016-02-05,38.46248107,-122.6526422
160360029,2016-02-05,38.4642155,-122.7302291
160360030,2016-02-05,38.42389983,-122.66894779999998
160360032,2016-02-05,38.46498999,-122.6559413
160360033,2016-02-05,38.413219700000006,-122.7135365
160360035,2016-02-05,38.46383244,-122.6649856
160360036,2016-02-05,38.45993819,-122.7267705
160360038,2016-02-05,38.47201577,-122.73668159999998
160360039,2016-02-05,38.4507052,-122.7175146
160360040,2016-02-05,38.44736278,-122.68248429999998
160360041,2016-02-05,38.42461426,-122.70363400000001
160360043,2016-02-05,38.45993819,-122.7267705
160360045,2016-02-05,38.46919178,-122.72937320000001
160360046,2016-02-05,38.47929434,-122.6577925
160360047,2016-02-05,38.46911416,-122.7036761
160360049,2016-02-05,38.43286531,-122.68910249999999
160360050,2016-02-05,38.42555317,-122.7033124
160360051,2016-02-05,38.44106649,-122.72008590000002
160360052,2016-02-05,38.4452399,-122.75130279999999
160360053,2016-02-05,38.44574276,-122.652634
160360054,2016-02-05,38.40817655,-122.74145630000001
160360055,2016-02-05,38.41646098,-122.7105304
160360056,2016-02-05,38.43903444,-122.71295049999999
160360057,2016-02-05,38.41003817,-122.7388922
160360058,2016-02-05,38.47312812,-122.7442594
160360059,2016-02-05,38.44036347,-122.70283090000001
160360060,2016-02-05,38.41378118,-122.74955209999999
160360061,2016-02-05,38.44136737,-122.7421851
160360062,2016-02-05,38.40185186,-122.72326329999999
160360063,2016-02-05,38.44285521,-122.7017068
160360064,2016-02-05,38.43932824,-122.72045349999999
160360065,2016-02-05,38.44285521,-122.7017068
160360066,2016-02-05,38.44942048,-122.7223808
160360067,2016-02-05,38.44302503,-122.7060213
160360068,2016-02-05,38.43992913,-122.7193773
160360069,2016-02-05,38.46423828,-122.71643470000001
160360070,2016-02-05,38.43370644,-122.6872527
160360071,2016-02-05,38.4337195,-122.7064574
160360072,2016-02-05,38.4617073,-122.7055625
160360073,2016-02-05,38.42228018,-122.7094669
160360074,2016-02-05,38.47327583,-122.65169750000001
160360076,2016-02-05,38.413219700000006,-122.7135365
160360078,2016-02-05,38.44036347,-122.70283090000001
160360079,2016-02-05,38.44106649,-122.72008590000002
160360081,2016-02-05,38.44461788,-122.71481670000001
160360082,2016-02-05,38.4515494,-122.7174904
160360083,2016-02-05,38.44036347,-122.70283090000001
160360084,2016-02-05,38.47929434,-122.6577925
160360085,2016-02-05,38.4617073,-122.7055625
160360086,2016-02-05,38.44339187,-122.674586
160360087,2016-02-05,38.46421777,-122.72841559999999
160360088,2016-02-05,38.46204646,-122.7256189
160360089,2016-02-05,38.44053199,-122.70968880000001
160360090,2016-02-05,38.44285521,-122.7017068
160360093,2016-02-05,38.43903444,-122.71295049999999
160360096,2016-02-05,38.4394771,-122.72221869999998
160360097,2016-02-05,38.44285521,-122.7017068
160360098,2016-02-05,38.43409812,-122.60052659999998
160360100,2016-02-05,38.43955238,-122.67158059999998
160360102,2016-02-05,38.46738479,-122.74249879999999
160360104,2016-02-05,38.45154944,-122.66967520000001
160360105,2016-02-05,38.44036347,-122.70283090000001
160360106,2016-02-05,38.46172539,-122.7696703
160360107,2016-02-05,38.47686128,-122.7381217
160360108,2016-02-05,38.45255091,-122.77187240000002
160360109,2016-02-05,38.46545044,-122.7224179
160360110,2016-02-05,38.40185186,-122.72326329999999
160360111,2016-02-05,38.41030288,-122.7094955
160360112,2016-02-05,38.44036347,-122.70283090000001
160360113,2016-02-05,38.43307028,-122.7149396
160360114,2016-02-05,38.44391227,-122.69757949999999
160360115,2016-02-05,38.49636772,-122.75186049999999
160360117,2016-02-05,38.403502200000005,-122.7414703
160360118,2016-02-05,38.413219700000006,-122.7135365
160360120,2016-02-05,38.43379484,-122.74240049999999
160360121,2016-02-05,38.418366,-122.694837
160360122,2016-02-05,38.41993935,-122.74043329999999
160360123,2016-02-05,38.4179043,-122.74303529999999
160360124,2016-02-05,38.43791672,-122.80671609999999
160360125,2016-02-05,38.4515494,-122.7174904
160360126,2016-02-05,38.44098107,-122.6042202
160360127,2016-02-05,38.41775298,-122.7390436
160360128,2016-02-05,38.43808451,-122.6947284
160360129,2016-02-05,38.4775141,-122.66229879999999
160360130,2016-02-05,38.40674151,-122.72020479999999
160360131,2016-02-05,38.43876378,-122.7216926
160360132,2016-02-05,38.45884356,-122.7326085
160360133,2016-02-05,38.44307872,-122.66281709999998
160360134,2016-02-05,38.44447398,-122.7305423
160360135,2016-02-05,38.42852146,-122.7079301
160360137,2016-02-05,38.43139518,-122.76384070000002
160360138,2016-02-05,38.45998549,-122.7302449
160360139,2016-02-05,38.4419527,-122.7107402
160360140,2016-02-05,38.46248107,-122.6526422
160360141,2016-02-05,38.44121202,-122.7123828
160360143,2016-02-05,38.43343219,-122.72632890000001
160360144,2016-02-05,38.45454019,-122.73699180000001
160360145,2016-02-05,38.46383244,-122.6649856
160360147,2016-02-05,38.44098107,-122.6042202
160360148,2016-02-05,38.43971531,-122.71565840000001
160360149,2016-02-05,38.42519351,-122.7635252
160360150,2016-02-05,38.47686128,-122.7381217
160360152,2016-02-05,38.40824168,-122.74028249999999
160360153,2016-02-05,38.44866877,-122.71218300000001
160360154,2016-02-05,38.4565141,-122.7411455
160360156,2016-02-05,38.435307,-122.77012890000002
160360158,2016-02-05,38.45760065,-122.7266173
160360161,2016-02-05,38.4477785,-122.74880879999999
160360163,2016-02-05,38.40923989,-122.74594640000001
160360164,2016-02-05,38.41906182,-122.70772959999998
160360165,2016-02-05,38.44187929,-122.6740577
160360166,2016-02-05,38.45677728,-122.70244550000001
160360167,2016-02-05,38.4706443,-122.72981340000001
160360168,2016-02-05,38.42205332,-122.72923259999999
160360169,2016-02-05,38.44140591,-122.74122890000001
160360171,2016-02-05,38.43575943,-122.5820307
160360172,2016-02-05,38.45884356,-122.7326085
160360173,2016-02-05,38.45336896,-122.717404
160360174,2016-02-05,38.42957692,-122.75232290000001
160360175,2016-02-05,38.45880608,-122.717197
160360176,2016-02-05,38.44002475,-122.74113940000001
160360177,2016-02-05,38.45818345,-122.63423689999999
160360178,2016-02-05,38.44724245,-122.7122398
160360179,2016-02-05,38.42393394,-122.729546
160360180,2016-02-05,38.46317975,-122.7446453
160360181,2016-02-05,38.44724245,-122.7122398
160360182,2016-02-05,38.44036347,-122.70283090000001
160360183,2016-02-05,38.42266675,-122.71351979999999
160360185,2016-02-05,38.43294769,-122.7445656
160360186,2016-02-05,38.46545044,-122.7224179
160360189,2016-02-05,38.45991177,-122.7284087
160360190,2016-02-05,38.44036347,-122.70283090000001
160360191,2016-02-05,38.43800758,-122.76873909999998
160360194,2016-02-05,38.43385735,-122.74417679999999
160360195,2016-02-05,38.45873641,-122.67438670000001
160360197,2016-02-05,38.465901,-122.76785
160360198,2016-02-05,38.42568262,-122.7319736
160360200,2016-02-05,38.44170788,-122.59947450000001
160360202,2016-02-05,38.45018082,-122.717546
160360203,2016-02-05,38.45496838,-122.6721729
160360204,2016-02-05,38.47297747,-122.72614070000002
160360205,2016-02-05,38.43569881,-122.7057192
160360206,2016-02-05,38.442697499999994,-122.6057617
160360207,2016-02-05,38.43879505,-122.7373041
160360208,2016-02-05,38.43338422,-122.70911609999999
160360209,2016-02-05,38.44036347,-122.70283090000001
160360210,2016-02-05,38.47386873,-122.64501100000001
160360213,2016-02-05,38.41649031,-122.70427279999998
160360214,2016-02-05,38.44107108,-122.7002737
160360215,2016-02-05,38.45476696,-122.7173608
160360216,2016-02-05,38.45370948,-122.68942309999998
160360217,2016-02-05,38.41763017,-122.71351940000001
160360219,2016-02-05,38.44978962,-122.752269
160360220,2016-02-05,38.46311909,-122.7182737
160360221,2016-02-05,38.45991177,-122.7284087
160360222,2016-02-05,38.46563068,-122.7512033
160360223,2016-02-05,38.43894087,-122.71507849999999
160360226,2016-02-05,38.47772372,-122.76725970000001
160360227,2016-02-05,38.413219700000006,-122.7135365
160360228,2016-02-05,38.44265053,-122.6945043
160360229,2016-02-05,38.45336896,-122.717404
160360230,2016-02-05,38.435307,-122.77012890000002
160360233,2016-02-05,38.46925635,-122.75093490000002
160360235,2016-02-05,38.47649064,-122.6573244
160360236,2016-02-05,38.44036347,-122.70283090000001
160360237,2016-02-05,38.43971531,-122.71565840000001
160360238,2016-02-05,38.46148867,-122.67626429999999
160360239,2016-02-05,38.41521376,-122.75986329999999
160360240,2016-02-05,38.46623454,-122.73023130000001
160360241,2016-02-05,38.41998491,-122.7661094
160360242,2016-02-05,38.47694737,-122.75838279999999
160360243,2016-02-05,38.42674234,-122.7430645
160360244,2016-02-05,38.44985191,-122.7674253
160360246,2016-02-05,38.45112279999999,-122.69179640000002
160360248,2016-02-05,38.45259224,-122.74625209999999
160360250,2016-02-05,38.41644952,-122.7135188
160360252,2016-02-05,38.40676337,-122.71348689999999
160360254,2016-02-05,38.47455094,-122.7381111
160360255,2016-02-05,38.43379484,-122.74240049999999
160360256,2016-02-05,38.41861552,-122.71351829999999
160360257,2016-02-05,38.46505683,-122.65784140000001
160360258,2016-02-05,38.43879505,-122.7373041
160360260,2016-02-05,38.437332299999994,-122.74285379999999
160360263,2016-02-05,38.49571186,-122.72011
160360264,2016-02-05,38.4388948,-122.68720800000001
160360265,2016-02-05,38.47366415,-122.7332023
160360267,2016-02-05,38.41821748,-122.7238817
160360270,2016-02-05,38.41646107,-122.70881059999999
160360271,2016-02-05,38.45993819,-122.7267705
160360272,2016-02-05,38.46923636,-122.72199540000001
160360273,2016-02-05,38.46230051,-122.66904170000001
160360274,2016-02-05,38.43800758,-122.76873909999998
160360275,2016-02-05,38.47846323,-122.66258429999999
160360276,2016-02-05,38.49257148,-122.70320559999999
160360277,2016-02-05,38.45336896,-122.717404
160360279,2016-02-05,38.42703197,-122.6655563
160360280,2016-02-05,38.44140591,-122.74122890000001
160360281,2016-02-05,38.42674234,-122.7430645
160360282,2016-02-05,38.41518155,-122.7135236
160360283,2016-02-05,38.46709833,-122.7512155
160360284,2016-02-05,38.44156723,-122.7272794
160360285,2016-02-05,38.45154944,-122.66967520000001
160360286,2016-02-05,38.47352151,-122.75914409999999
160360287,2016-02-05,38.43516241,-122.68761950000001
160360288,2016-02-05,38.44036347,-122.70283090000001
160360289,2016-02-05,38.45312095,-122.70817
160360290,2016-02-05,38.4421805,-122.706061
160360291,2016-02-05,38.4410492,-122.74599740000002
160360292,2016-02-05,38.45993819,-122.7267705
160360293,2016-02-05,38.45296878,-122.7024855
160360294,2016-02-05,38.44038228,-122.7161508
160360295,2016-02-05,38.43495295,-122.7467561
160360297,2016-02-05,38.42549769,-122.7596831
160360298,2016-02-05,38.4617073,-122.7055625
160360299,2016-02-05,38.43421162,-122.7381882
160360300,2016-02-05,38.45447584,-122.68080900000001
160360301,2016-02-05,38.44181202,-122.7475528
160360303,2016-02-05,38.47496921,-122.6745622
160360304,2016-02-05,38.4379375,-122.7615328
160360305,2016-02-05,38.45316693,-122.70940800000001
160360306,2016-02-05,38.44206222,-122.71239409999998
160360307,2016-02-05,38.44140591,-122.74122890000001
160360308,2016-02-05,38.45730241,-122.6712994
160360309,2016-02-05,38.44036347,-122.70283090000001
160360310,2016-02-05,38.43503951,-122.7663513
160360311,2016-02-05,38.45952059,-122.72473000000001
160360312,2016-02-05,38.43799433,-122.70998449999999
160360315,2016-02-05,38.49571186,-122.72011
160360316,2016-02-05,38.44036347,-122.70283090000001
160360317,2016-02-05,38.43903444,-122.71295049999999
160360318,2016-02-05,38.4353896,-122.7510669
160360321,2016-02-05,38.47584638,-122.75024099999999
160360322,2016-02-05,38.44155811,-122.73775259999998
160360323,2016-02-05,38.43750841,-122.72865700000001
160360324,2016-02-05,38.47200733,-122.6769896
160360325,2016-02-05,38.49782829,-122.7536528
160360326,2016-02-05,38.44197802,-122.71732620000002
160360327,2016-02-05,38.44036347,-122.70283090000001
160360330,2016-02-05,38.42978491,-122.72890819999999
160360332,2016-02-05,38.45139743,-122.67436140000001
160360333,2016-02-05,38.44944902,-122.67927390000001
160360335,2016-02-05,38.45258756,-122.7513351
160360336,2016-02-05,38.46032734,-122.7213729
160360338,2016-02-05,38.44257364,-122.71124170000002
160360339,2016-02-05,38.45997246,-122.72571909999999
160360340,2016-02-05,38.40172352,-122.71088229999998
160360341,2016-02-05,38.478458,-122.728406
160360342,2016-02-05,38.4154106,-122.72713130000001
160370001,2016-02-06,38.46912427,-122.7326346
160370002,2016-02-06,38.4317809,-122.720331
160370003,2016-02-06,38.45880608,-122.717197
160370004,2016-02-06,38.43491651,-122.6619352
160370005,2016-02-06,38.4191779,-122.6641865
160370007,2016-02-06,38.42978491,-122.72890819999999
160370008,2016-02-06,38.46121774,-122.71653300000001
160370009,2016-02-06,38.42077055,-122.71735149999999
160370011,2016-02-06,38.46482899,-122.65142639999999
160370013,2016-02-06,38.45406102,-122.7340969
160370014,2016-02-06,38.43921968,-122.6522366
160370015,2016-02-06,38.43769345,-122.71779679999999
160370016,2016-02-06,38.41897422,-122.7239696
160370018,2016-02-06,38.44577885,-122.72255679999999
160370019,2016-02-06,38.45998531,-122.7350344
160370020,2016-02-06,38.41433572,-122.7234498
160370022,2016-02-06,38.44441439,-122.68544709999999
160370024,2016-02-06,38.4738015,-122.73036770000002
160370025,2016-02-06,38.45907321,-122.74300819999999
160370026,2016-02-06,38.47543764,-122.7261473
160370027,2016-02-06,38.45993819,-122.7267705
160370028,2016-02-06,38.44521652,-122.74903090000001
160370029,2016-02-06,38.41994543,-122.66560759999999
160370030,2016-02-06,38.455409499999995,-122.72817260000001
160370031,2016-02-06,38.43606599,-122.7451718
160370032,2016-02-06,38.43193924,-122.7196893
160370033,2016-02-06,38.42866101,-122.74153390000002
160370034,2016-02-06,38.45546474,-122.7379425
160370035,2016-02-06,38.43705227,-122.69141359999999
160370036,2016-02-06,38.41841303,-122.69815320000001
160370037,2016-02-06,38.4191779,-122.6641865
160370038,2016-02-06,38.43541921,-122.7277581
160370039,2016-02-06,38.4179043,-122.74303529999999
160370040,2016-02-06,38.43338422,-122.70911609999999
160370041,2016-02-06,38.42739284,-122.71183359999999
160370043,2016-02-06,38.45956577,-122.7190646
160370044,2016-02-06,38.46499934,-122.73263840000001
160370045,2016-02-06,38.46482899,-122.65142639999999
160370046,2016-02-06,38.42685471,-122.7413163
160370047,2016-02-06,38.48374729,-122.71226850000001
160370048,2016-02-06,38.4191779,-122.6641865
160370049,2016-02-06,38.47619168,-122.652101
160370050,2016-02-06,38.45974038,-122.7429957
160370051,2016-02-06,38.44532601,-122.76962730000001
160370053,2016-02-06,38.47971079,-122.7352915
160370054,2016-02-06,38.44002475,-122.74113940000001
160370055,2016-02-06,38.4642155,-122.7302291
160370056,2016-02-06,38.47297747,-122.72614070000002
160370057,2016-02-06,38.40824168,-122.74028249999999
160370058,2016-02-06,38.45713912,-122.75834440000001
160370059,2016-02-06,38.45154944,-122.66967520000001
160370060,2016-02-06,38.45803531,-122.6729237
160370061,2016-02-06,38.42715301,-122.7138562
160370062,2016-02-06,38.44403502,-122.70426709999998
160370063,2016-02-06,38.42984924,-122.74171740000001
160370064,2016-02-06,38.46505778,-122.71938200000001
160370065,2016-02-06,38.44476521,-122.71873729999999
160370066,2016-02-06,38.47386873,-122.64501100000001
160370067,2016-02-06,38.44114633,-122.71012549999999
160370068,2016-02-06,38.43263618,-122.7260264
160370071,2016-02-06,38.44197802,-122.71732620000002
160370072,2016-02-06,38.43024644,-122.7269034
160370073,2016-02-06,38.4339454,-122.69939879999998
160370074,2016-02-06,38.43587467,-122.71551409999998
160370075,2016-02-06,38.43263618,-122.7260264
160370077,2016-02-06,38.41644952,-122.7135188
160370078,2016-02-06,38.45062192,-122.7080525
160370079,2016-02-06,38.44315547,-122.7081412
160370080,2016-02-06,38.44036347,-122.70283090000001
160370081,2016-02-06,38.43955238,-122.67158059999998
160370084,2016-02-06,38.46248107,-122.6526422
160370087,2016-02-06,38.45998229,-122.7403416
160370088,2016-02-06,38.43998499,-122.7041983
160370089,2016-02-06,38.4372761,-122.7324557
160370090,2016-02-06,38.41030288,-122.7094955
160370091,2016-02-06,38.46441455,-122.6494203
160370092,2016-02-06,38.44476521,-122.71873729999999
160370094,2016-02-06,38.43790814,-122.733649
160370095,2016-02-06,38.51294526,-122.80277379999998
160370096,2016-02-06,38.45938071,-122.73149309999998
160370097,2016-02-06,38.45456355,-122.70809979999999
160370099,2016-02-06,38.43482494,-122.59893729999999
160370100,2016-02-06,38.42205332,-122.72923259999999
160370101,2016-02-06,38.43300927,-122.5796544
160370102,2016-02-06,38.46482899,-122.65142639999999
160370104,2016-02-06,38.464118,-122.72433000000001
160370105,2016-02-06,38.43292376,-122.7225394
160370106,2016-02-06,38.42449841,-122.7501289
160370107,2016-02-06,38.45884356,-122.7326085
160370108,2016-02-06,38.42938384,-122.7621621
160370109,2016-02-06,38.448475,-122.732201
160370110,2016-02-06,38.46923636,-122.72199540000001
160370112,2016-02-06,38.44273969,-122.71568059999998
160370113,2016-02-06,38.43922463,-122.7336963
160370114,2016-02-06,38.45838942,-122.67734990000001
160370115,2016-02-06,38.44554349,-122.71352350000001
160370116,2016-02-06,38.44257263,-122.6706866
160370118,2016-02-06,38.44036347,-122.70283090000001
160370119,2016-02-06,38.44832429,-122.7067706
160370120,2016-02-06,38.47138629,-122.6629798
160370121,2016-02-06,38.45977036,-122.7493436
160370123,2016-02-06,38.40971025,-122.7134884
160370124,2016-02-06,38.42978491,-122.72890819999999
160370125,2016-02-06,38.45640045,-122.7116758
160370126,2016-02-06,38.47312843,-122.74330729999998
160370127,2016-02-06,38.44462863,-122.7170749
160370128,2016-02-06,38.44978962,-122.752269
160370129,2016-02-06,38.47756248,-122.74886550000001
160370130,2016-02-06,0.0,0.0
160370131,2016-02-06,38.44036347,-122.70283090000001
160370132,2016-02-06,38.47200733,-122.6769896
160370133,2016-02-06,38.46296236,-122.71546059999999
160370134,2016-02-06,38.43800758,-122.76873909999998
160370135,2016-02-06,38.43271141,-122.7515848
160370136,2016-02-06,38.43191124,-122.5786757
160370137,2016-02-06,38.44036347,-122.70283090000001
160370138,2016-02-06,38.41582069,-122.7080223
160370140,2016-02-06,38.45909335,-122.71717520000001
160370141,2016-02-06,38.40983057,-122.7056971
160370142,2016-02-06,38.42808306,-122.70916650000001
160370143,2016-02-06,38.46233298,-122.7417378
160370145,2016-02-06,38.45406102,-122.7340969
160370146,2016-02-06,38.45082185,-122.6954202
160370148,2016-02-06,38.46081666,-122.71832040000001
160370149,2016-02-06,38.48374729,-122.71226850000001
160370150,2016-02-06,38.44036347,-122.70283090000001
160370151,2016-02-06,38.45088481,-122.67374440000002
160370152,2016-02-06,38.46383244,-122.6649856
160370153,2016-02-06,38.431557,-122.75403899999999
160370154,2016-02-06,38.46172539,-122.7696703
160370155,2016-02-06,38.43436204,-122.74808909999999
160370156,2016-02-06,38.44589407,-122.726646
160370157,2016-02-06,38.47837345,-122.76674799999999
160370158,2016-02-06,38.43477608,-122.736604
160370159,2016-02-06,38.41173282,-122.75694340000001
160370160,2016-02-06,38.440041799999996,-122.7209865
160370161,2016-02-06,38.45811611,-122.74114569999999
160370162,2016-02-06,38.43324786,-122.6835374
160370163,2016-02-06,38.4323645,-122.704449
160370165,2016-02-06,38.43930724,-122.7225804
160370167,2016-02-06,38.44306762,-122.7140585
160370169,2016-02-06,38.44379613,-122.706748
160370170,2016-02-06,38.45381315,-122.76350590000001
160370173,2016-02-06,38.41976738,-122.7689233
160370174,2016-02-06,38.45594683,-122.62796540000001
160370175,2016-02-06,38.45884532,-122.72293140000001
160370176,2016-02-06,38.40285384,-122.71347800000001
160370177,2016-02-06,38.43281994,-122.7562006
160370178,2016-02-06,38.419969,-122.664693
160370179,2016-02-06,38.45991177,-122.7284087
160370180,2016-02-06,38.42325801,-122.7425506
160370182,2016-02-06,38.47598208,-122.73298249999999
160370183,2016-02-06,38.46911581,-122.73471
160370184,2016-02-06,38.47021665,-122.7243183
160370185,2016-02-06,38.43342431,-122.6712195
160370186,2016-02-06,38.44474263,-122.70504150000001
160370187,2016-02-06,38.46624529,-122.73264820000001
160370189,2016-02-06,38.44967392,-122.7133717
160370190,2016-02-06,38.44036347,-122.70283090000001
160370191,2016-02-06,38.44562427,-122.7160877
160370192,2016-02-06,38.45406102,-122.7340969
160370193,2016-02-06,38.42380643,-122.713507
160370194,2016-02-06,38.44589407,-122.726646
160370195,2016-02-06,38.42380643,-122.713507
160370197,2016-02-06,38.45307557,-122.70612479999998
160370198,2016-02-06,38.44036347,-122.70283090000001
160370199,2016-02-06,38.44036347,-122.70283090000001
160370200,2016-02-06,38.47598208,-122.73298249999999
160370201,2016-02-06,38.44165364,-122.7306304
160370202,2016-02-06,38.46499934,-122.73263840000001
160370203,2016-02-06,38.48100024,-122.7048521
160370205,2016-02-06,38.46505778,-122.71938200000001
160370206,2016-02-06,38.44023055,-122.7145525
160370208,2016-02-06,38.47694737,-122.75838279999999
160370209,2016-02-06,38.41998491,-122.7661094
160370210,2016-02-06,38.44459034,-122.65299579999999
160370211,2016-02-06,38.43992913,-122.7193773
160370213,2016-02-06,38.45255091,-122.77187240000002
160370214,2016-02-06,38.45447584,-122.68080900000001
160370215,2016-02-06,38.42555317,-122.7033124
160370217,2016-02-06,38.46624529,-122.73264820000001
160370218,2016-02-06,38.46139143,-122.64096799999999
160370219,2016-02-06,38.42674234,-122.7430645
160370220,2016-02-06,38.45956577,-122.7190646
160370221,2016-02-06,38.46009427,-122.7228351
160370222,2016-02-06,38.445991799999994,-122.7096136
160370224,2016-02-06,38.46505778,-122.71938200000001
160370225,2016-02-06,38.44803856,-122.7224506
160370226,2016-02-06,38.46482899,-122.65142639999999
160370227,2016-02-06,38.44038228,-122.7161508
160370231,2016-02-06,38.46644262,-122.66192849999999
160370232,2016-02-06,38.44121202,-122.7123828
160370234,2016-02-06,38.44136737,-122.7421851
160370235,2016-02-06,38.44167409,-122.73524099999999
160370238,2016-02-06,38.44036347,-122.70283090000001
160370239,2016-02-06,38.44165364,-122.7306304
160370240,2016-02-06,38.426493900000004,-122.69724009999999
160370241,2016-02-06,38.41429399,-122.71748640000001
160370245,2016-02-06,38.434241,-122.71183899999998
160370246,2016-02-06,38.43525419,-122.6859145
160370247,2016-02-06,38.44972,-122.68848009999999
160370248,2016-02-06,38.46982946,-122.75092759999998
160370249,2016-02-06,38.44023055,-122.7145525
160370250,2016-02-06,38.44038228,-122.7161508
160370251,2016-02-06,38.44440016,-122.60562920000001
160370255,2016-02-06,38.40674256,-122.719351
160370258,2016-02-06,38.44090173,-122.7301331
160370259,2016-02-06,38.42220738,-122.70710849999999
160370260,2016-02-06,38.45884356,-122.7326085
160370261,2016-02-06,38.41644952,-122.7135188
160370262,2016-02-06,38.44978962,-122.752269
160370263,2016-02-06,38.431557,-122.75403899999999
160370264,2016-02-06,38.423415000000006,-122.753052
160370266,2016-02-06,38.45803531,-122.6729237
160370267,2016-02-06,38.4624214,-122.7350827
160370268,2016-02-06,38.46101047,-122.71060890000001
160370269,2016-02-06,38.41646107,-122.70881059999999
160370271,2016-02-06,38.44023055,-122.7145525
160370272,2016-02-06,38.41151265,-122.713498
160370273,2016-02-06,38.42283683,-122.74076459999999
160370275,2016-02-06,38.43917341,-122.7287806
160370276,2016-02-06,38.42481257,-122.704426
160370277,2016-02-06,38.42394960000001,-122.7174501
160370278,2016-02-06,38.413219700000006,-122.7135365
160370279,2016-02-06,38.43587467,-122.71551409999998
160370280,2016-02-06,38.42984924,-122.74171740000001
160370281,2016-02-06,38.43758666,-122.67766670000002
160370282,2016-02-06,38.42715301,-122.7138562
160370283,2016-02-06,38.41423123,-122.72930159999999
160370284,2016-02-06,38.49571186,-122.72011
160370285,2016-02-06,38.40713665,-122.74139550000001
160370286,2016-02-06,38.42077055,-122.71735149999999
160370287,2016-02-06,38.45546474,-122.7379425
160370290,2016-02-06,38.47927431,-122.6696398
160370291,2016-02-06,38.44023055,-122.7145525
160370292,2016-02-06,38.44304092,-122.7105672
160370293,2016-02-06,38.48216709,-122.6723959
160370294,2016-02-06,38.48276707,-122.6650637
160370295,2016-02-06,38.48064997,-122.6651565
160370296,2016-02-06,38.4250769,-122.7410616
160370297,2016-02-06,38.41648379,-122.6977423
160370298,2016-02-06,38.44603838,-122.7108768
160370299,2016-02-06,38.44543107,-122.7040926
160370300,2016-02-06,38.43965855,-122.71341480000001
160370301,2016-02-06,38.42283683,-122.74076459999999
160370302,2016-02-06,38.45998808,-122.72469280000001
160370303,2016-02-06,38.42505744,-122.7206649
160370304,2016-02-06,38.45998808,-122.72469280000001
160370305,2016-02-06,38.442735299999995,-122.7066597
160370306,2016-02-06,38.44156723,-122.7272794
160370307,2016-02-06,38.44121202,-122.7123828
160370308,2016-02-06,38.43033883,-122.7175395
160370309,2016-02-06,38.44206222,-122.71239409999998
160370310,2016-02-06,38.45406768,-122.7730892
160370311,2016-02-06,38.47606809,-122.6523757
160370312,2016-02-06,38.44532601,-122.76962730000001
160370313,2016-02-06,38.44023055,-122.7145525
160370314,2016-02-06,38.43863641,-122.7335553
160370316,2016-02-06,38.43112552,-122.69424199999999
160370317,2016-02-06,38.46020365,-122.7634217
160370318,2016-02-06,38.41333341,-122.7171869
160370319,2016-02-06,38.44978962,-122.752269
160370320,2016-02-06,38.47598208,-122.73298249999999
160370323,2016-02-06,38.43750423,-122.71239140000002
160370324,2016-02-06,38.44574276,-122.652634
160370325,2016-02-06,38.446290600000005,-122.6889949
160370326,2016-02-06,38.44379613,-122.706748
160370327,2016-02-06,38.45991177,-122.7284087
160380001,2016-02-07,38.4414495,-122.7190885
160380002,2016-02-07,38.44072571,-122.71343290000002
160380003,2016-02-07,38.45112279999999,-122.69179640000002
160380004,2016-02-07,38.43563174,-122.68644669999999
160380005,2016-02-07,38.46324508,-122.6758038
160380006,2016-02-07,38.42617327,-122.70806259999999
160380007,2016-02-07,38.437332299999994,-122.74285379999999
160380008,2016-02-07,38.49571186,-122.72011
160380009,2016-02-07,38.46311909,-122.7182737
160380010,2016-02-07,38.41151265,-122.713498
160380011,2016-02-07,38.46720043,-122.72433079999999
160380012,2016-02-07,38.4452399,-122.75130279999999
160380013,2016-02-07,38.48209519,-122.72108359999999
160380015,2016-02-07,38.44354527,-122.7229152
160380018,2016-02-07,38.44167409,-122.73524099999999
160380019,2016-02-07,38.43971531,-122.71565840000001
160380020,2016-02-07,38.46032734,-122.7213729
160380021,2016-02-07,38.42130588,-122.7206355
160380022,2016-02-07,38.46130305,-122.7490481
160380023,2016-02-07,38.46383244,-122.6649856
160380024,2016-02-07,38.47971181,-122.73813090000002
160380025,2016-02-07,38.43275302,-122.74586409999998
160380026,2016-02-07,38.4410492,-122.74599740000002
160380027,2016-02-07,38.41333341,-122.7171869
160380029,2016-02-07,38.46505778,-122.71938200000001
160380030,2016-02-07,38.46421777,-122.72841559999999
160380031,2016-02-07,38.4706443,-122.72981340000001
160380033,2016-02-07,38.45956577,-122.7190646
160380034,2016-02-07,38.45880608,-122.717197
160380035,2016-02-07,38.46720043,-122.72433079999999
160380036,2016-02-07,38.42135934,-122.7147642
160380037,2016-02-07,38.44474263,-122.70504150000001
160380039,2016-02-07,38.41333341,-122.7171869
160380040,2016-02-07,38.42866101,-122.74153390000002
160380041,2016-02-07,38.45406102,-122.7340969
160380042,2016-02-07,38.478458,-122.728406
160380043,2016-02-07,38.45258756,-122.7513351
160380044,2016-02-07,38.43535628,-122.7120801
160380045,2016-02-07,38.45250293,-122.695923
160380046,2016-02-07,38.40429354,-122.7286502
160380047,2016-02-07,38.43805776,-122.7211803
160380048,2016-02-07,38.47148370000001,-122.73962809999999
160380049,2016-02-07,38.42351647,-122.7206558
160380050,2016-02-07,38.44304092,-122.7105672
160380052,2016-02-07,38.42205332,-122.72923259999999
160380053,2016-02-07,38.42757228,-122.7073644
160380054,2016-02-07,38.44206222,-122.71239409999998
160380055,2016-02-07,38.44507274,-122.6856783
160380056,2016-02-07,38.40654083,-122.71198590000002
160380058,2016-02-07,38.4179043,-122.74303529999999
160380059,2016-02-07,38.46421777,-122.72841559999999
160380060,2016-02-07,38.44421942,-122.7265969
160380061,2016-02-07,38.46421777,-122.72841559999999
160380063,2016-02-07,38.44564739,-122.7177125
160380065,2016-02-07,38.46919178,-122.72937320000001
160380066,2016-02-07,38.4179043,-122.74303529999999
160380068,2016-02-07,38.43182581,-122.7419237
160380069,2016-02-07,38.40824168,-122.74028249999999
160380070,2016-02-07,38.47455094,-122.7381111
160380071,2016-02-07,38.45454019,-122.73699180000001
160380072,2016-02-07,38.437075,-122.734909
160380074,2016-02-07,38.44121202,-122.7123828
160380076,2016-02-07,38.43769345,-122.71779679999999
160380077,2016-02-07,38.45259224,-122.74625209999999
160380079,2016-02-07,38.440041799999996,-122.7209865
160380080,2016-02-07,38.46563068,-122.7512033
160380081,2016-02-07,38.413219700000006,-122.7135365
160380082,2016-02-07,38.45127443,-122.68738940000001
160380083,2016-02-07,38.44853059,-122.66585309999999
160380084,2016-02-07,38.413219700000006,-122.7135365
160380085,2016-02-07,38.44036347,-122.70283090000001
160380086,2016-02-07,38.4460229,-122.67933059999999
160380087,2016-02-07,38.46720043,-122.72433079999999
160380088,2016-02-07,38.43034185,-122.676404
160380089,2016-02-07,38.436027,-122.721355
160380090,2016-02-07,38.45920769,-122.7210241
160380092,2016-02-07,38.45993819,-122.7267705
160380093,2016-02-07,38.44036347,-122.70283090000001
160380095,2016-02-07,38.47586238,-122.672367
160380096,2016-02-07,38.46101229,-122.71717120000001
160380097,2016-02-07,38.4410492,-122.74599740000002
160380098,2016-02-07,38.45216957,-122.69847150000001
160380099,2016-02-07,38.42030020000001,-122.71351090000002
160380100,2016-02-07,38.44302503,-122.7060213
160380101,2016-02-07,38.45153845,-122.67057120000001
160380102,2016-02-07,38.46704324,-122.6358831
160380104,2016-02-07,38.45956577,-122.7190646
160380106,2016-02-07,38.448648,-122.75248219999999
160380107,2016-02-07,38.448475,-122.732201
160380108,2016-02-07,38.43800758,-122.76873909999998
160380109,2016-02-07,38.42851153,-122.745236
160380110,2016-02-07,38.45880608,-122.717197
160380111,2016-02-07,38.43805776,-122.7211803
160380113,2016-02-07,38.45258756,-122.7513351
160380114,2016-02-07,38.48845213,-122.6997453
160380115,2016-02-07,38.4137704,-122.7612696
160380116,2016-02-07,38.44848820000001,-122.7361192
160380117,2016-02-07,38.47295158,-122.73262
160380118,2016-02-07,38.44564739,-122.7177125
160380120,2016-02-07,38.45178306,-122.73643919999999
160380121,2016-02-07,38.44797429,-122.72032709999999
160380123,2016-02-07,38.45255509,-122.76613870000001
160380124,2016-02-07,38.44161484,-122.7289686
160380126,2016-02-07,38.44140591,-122.74122890000001
160380127,2016-02-07,38.45735888,-122.71725579999999
160380128,2016-02-07,38.40849671,-122.7378652
160380129,2016-02-07,38.42546158,-122.6692824
160380132,2016-02-07,38.47598208,-122.73298249999999
160380133,2016-02-07,38.41328316,-122.70426670000002
160380134,2016-02-07,38.45456355,-122.70809979999999
160380135,2016-02-07,38.43034185,-122.676404
160380136,2016-02-07,38.45884356,-122.7326085
160380137,2016-02-07,38.440015700000004,-122.7231669
160380139,2016-02-07,38.47971079,-122.7352915
160380140,2016-02-07,38.46754183,-122.6767908
160380141,2016-02-07,38.44106649,-122.72008590000002
160380143,2016-02-07,38.43665196,-122.71227809999999
160380144,2016-02-07,38.42518144,-122.7283925
160380145,2016-02-07,38.47293712,-122.7344301
160380146,2016-02-07,38.47399546,-122.738114
160380147,2016-02-07,38.47583736,-122.7521499
160380150,2016-02-07,38.44963471,-122.712143
160380151,2016-02-07,38.44468884,-122.70238229999998
160380152,2016-02-07,38.44581039,-122.7304284
160380153,2016-02-07,38.45866885,-122.7124643
160380154,2016-02-07,38.44585316,-122.7555475
160380155,2016-02-07,38.43665196,-122.71227809999999
160380156,2016-02-07,38.47971181,-122.73813090000002
160380157,2016-02-07,38.47334451,-122.7344374
160380159,2016-02-07,38.42978491,-122.72890819999999
160380160,2016-02-07,38.43903444,-122.71295049999999
160380161,2016-02-07,38.43698542,-122.70643600000001
160380162,2016-02-07,38.45658811,-122.7172915
160380163,2016-02-07,38.44302503,-122.7060213
160380164,2016-02-07,38.46101047,-122.71060890000001
160380165,2016-02-07,38.46317975,-122.7446453
160380167,2016-02-07,38.43271141,-122.7515848
160380168,2016-02-07,38.44722356,-122.71082679999999
160380169,2016-02-07,38.437332299999994,-122.74285379999999
160380170,2016-02-07,38.44283969,-122.67294270000001
160380172,2016-02-07,38.44354527,-122.7229152
160380174,2016-02-07,38.41344736,-122.7417706
160380176,2016-02-07,38.45760065,-122.7266173
160380177,2016-02-07,38.49636772,-122.75186049999999
160380178,2016-02-07,38.474115999999995,-122.76899499999999
160380179,2016-02-07,38.44963917,-122.74879320000001
160380181,2016-02-07,38.44972,-122.68848009999999
160380183,2016-02-07,38.4271321,-122.708615
160380184,2016-02-07,38.42866101,-122.74153390000002
160380187,2016-02-07,38.42984924,-122.74171740000001
160380189,2016-02-07,38.44957511,-122.71075400000001
160380190,2016-02-07,38.4379375,-122.7615328
160380191,2016-02-07,38.425103,-122.70460220000001
160380192,2016-02-07,38.42617327,-122.70806259999999
160380195,2016-02-07,38.43412344,-122.72660729999998
160380196,2016-02-07,38.45260372,-122.7336335
160380197,2016-02-07,38.44635696,-122.68615
160380198,2016-02-07,38.46101229,-122.71717120000001
160380199,2016-02-07,38.44165364,-122.7306304
160380200,2016-02-07,38.43416699,-122.70928390000002
160380202,2016-02-07,38.43992913,-122.7193773
160380203,2016-02-07,38.44701863,-122.6863759
160380204,2016-02-07,38.43086206,-122.7199246
160380206,2016-02-07,38.43343219,-122.72632890000001
160380207,2016-02-07,38.42662926,-122.70681909999999
160380208,2016-02-07,38.44036347,-122.70283090000001
160380209,2016-02-07,38.45997829,-122.7406116
160380210,2016-02-07,38.44136737,-122.7421851
160380211,2016-02-07,38.42674234,-122.7430645
160380213,2016-02-07,38.45701152,-122.69685390000001
160380214,2016-02-07,38.45884356,-122.7326085
160380215,2016-02-07,38.44036347,-122.70283090000001
160380217,2016-02-07,38.45087261,-122.7567935
160380219,2016-02-07,38.45437446,-122.7321686
160380220,2016-02-07,38.47713537,-122.6542757
160380222,2016-02-07,38.42739284,-122.71183359999999
160380223,2016-02-07,38.42984924,-122.74171740000001
160380225,2016-02-07,38.430666200000005,-122.71064809999999
160380226,2016-02-07,38.46535579,-122.68007240000001
160380227,2016-02-07,38.42359468,-122.74087759999999
160380228,2016-02-07,38.44564739,-122.7177125
160380229,2016-02-07,38.42937004,-122.71831329999999
160380230,2016-02-07,38.45811611,-122.74114569999999
160380231,2016-02-07,38.43903444,-122.71295049999999
160380232,2016-02-07,38.4373678,-122.6617778
160380233,2016-02-07,38.47247575,-122.7306991
160380234,2016-02-07,38.44036347,-122.70283090000001
160380235,2016-02-07,38.44257364,-122.71124170000002
160380236,2016-02-07,38.43313302,-122.7189267
160380238,2016-02-07,38.47024813,-122.71729209999998
160380239,2016-02-07,38.4649157,-122.6533696
160380240,2016-02-07,38.45258756,-122.7513351
160380241,2016-02-07,38.42685471,-122.7413163
160380242,2016-02-07,38.47298844,-122.74646000000001
160380243,2016-02-07,38.42637818,-122.7615581
160380244,2016-02-07,38.45991177,-122.7284087
160380245,2016-02-07,38.42757228,-122.7073644
160380246,2016-02-07,38.44197802,-122.71732620000002
160380247,2016-02-07,38.44871155,-122.67868899999999
160380248,2016-02-07,38.44828472,-122.69045619999999
160380249,2016-02-07,38.43722322,-122.74447820000002
160380251,2016-02-07,38.44053199,-122.70968880000001
160380252,2016-02-07,38.4663482,-122.7583626
160380253,2016-02-07,38.40925139,-122.7431196
160380254,2016-02-07,38.45259224,-122.74625209999999
160380255,2016-02-07,38.46101229,-122.71717120000001
160380256,2016-02-07,38.44701863,-122.6863759
160380257,2016-02-07,38.44206222,-122.71239409999998
160380258,2016-02-07,38.49571186,-122.72011
160380259,2016-02-07,38.425103,-122.70460220000001
160380260,2016-02-07,38.40537639,-122.71188290000002
160380261,2016-02-07,38.47970235,-122.73446640000002
160380262,2016-02-07,38.47970235,-122.73446640000002
160380263,2016-02-07,38.47971079,-122.7352915
160380264,2016-02-07,38.44572374,-122.72041010000001
160380266,2016-02-07,38.43139518,-122.76384070000002
160380267,2016-02-07,38.42608214,-122.66683090000001
160380268,2016-02-07,38.45166258,-122.74744609999999
160380269,2016-02-07,38.47543056,-122.7457014
160380270,2016-02-07,38.44240412,-122.7688731
160380273,2016-02-07,38.43980197,-122.6853689
160380274,2016-02-07,38.44036347,-122.70283090000001
160380275,2016-02-07,38.40972357,-122.726025
160380276,2016-02-07,38.49319394,-122.71073700000001
160380277,2016-02-07,38.45761166,-122.71725009999999
160380278,2016-02-07,38.42984924,-122.74171740000001
160380280,2016-02-07,38.40908526,-122.72937809999999
160380281,2016-02-07,38.44023055,-122.7145525
160380283,2016-02-07,38.43971531,-122.71565840000001
160380284,2016-02-07,38.49805368,-122.7232929
160380285,2016-02-07,38.44273969,-122.71568059999998
160380286,2016-02-07,38.47593855,-122.67983740000001
160380287,2016-02-07,38.45022786,-122.7609145
160380288,2016-02-07,38.4695314,-122.7627481
160380289,2016-02-07,38.43769345,-122.71779679999999
160380290,2016-02-07,38.42196562,-122.74064990000001
160380291,2016-02-07,38.41429399,-122.71748640000001
160380293,2016-02-07,38.44091148,-122.70085220000001
160380294,2016-02-07,38.44581123,-122.72344869999999
160380296,2016-02-07,38.45025402,-122.72648290000001
160380297,2016-02-07,38.45025402,-122.72648290000001
160380298,2016-02-07,38.44546397,-122.71089909999999
160380300,2016-02-07,38.4452399,-122.75130279999999
160380301,2016-02-07,38.45258756,-122.7513351
160380302,2016-02-07,38.44139971,-122.71690690000001
160380304,2016-02-07,38.46421777,-122.72841559999999
160380305,2016-02-07,38.47303951,-122.7604538
160380306,2016-02-07,38.41222020000001,-122.7458903
160380307,2016-02-07,38.45758929,-122.7178531
160380309,2016-02-07,38.42866101,-122.74153390000002
160380310,2016-02-07,38.44292593,-122.70452560000001
160380311,2016-02-07,38.46912826,-122.6358065
160380312,2016-02-07,38.43205617,-122.66577209999998
160380313,2016-02-07,38.45084021,-122.6963128
160380314,2016-02-07,38.42757228,-122.7073644
160380316,2016-02-07,38.43965306,-122.70543
160380317,2016-02-07,38.44036347,-122.70283090000001
160380318,2016-02-07,38.46894485,-122.67676499999999
160380319,2016-02-07,38.41649031,-122.70427279999998
160380321,2016-02-07,38.43879551,-122.7084638
160390001,2016-02-08,38.42570696,-122.72477040000001
160390002,2016-02-08,38.43059702,-122.7253189
160390003,2016-02-08,38.45025402,-122.72648290000001
160390004,2016-02-08,38.44197802,-122.71732620000002
160390005,2016-02-08,38.49805368,-122.7232929
160390006,2016-02-08,38.4453395,-122.7417051
160390008,2016-02-08,38.47203543,-122.7331572
160390009,2016-02-08,38.42690361,-122.762676
160390010,2016-02-08,38.41696837,-122.7058154
160390011,2016-02-08,38.47583196,-122.7535165
160390012,2016-02-08,38.40183589,-122.7198058
160390013,2016-02-08,38.47203079,-122.7325019
160390014,2016-02-08,38.47093220000001,-122.7570012
160390015,2016-02-08,38.43164326,-122.7053655
160390016,2016-02-08,38.49636772,-122.75186049999999
160390018,2016-02-08,38.46500704,-122.68084840000002
160390019,2016-02-08,38.42644233,-122.7466994
160390020,2016-02-08,38.41627946,-122.7446749
160390022,2016-02-08,38.45154944,-122.66967520000001
160390023,2016-02-08,38.47598208,-122.73298249999999
160390024,2016-02-08,38.45760065,-122.7266173
160390025,2016-02-08,38.46563068,-122.7512033
160390026,2016-02-08,38.43852354,-122.7019825
160390027,2016-02-08,38.46237035,-122.760878
160390028,2016-02-08,38.46381724,-122.7627423
160390029,2016-02-08,38.45258756,-122.7513351
160390031,2016-02-08,38.442961499999996,-122.7225481
160390033,2016-02-08,38.47303951,-122.7604538
160390034,2016-02-08,38.44521652,-122.74903090000001
160390035,2016-02-08,38.4384119,-122.6968065
160390036,2016-02-08,38.4642155,-122.7302291
160390037,2016-02-08,38.43379484,-122.74240049999999
160390038,2016-02-08,38.44171787,-122.73388680000001
160390039,2016-02-08,38.4642155,-122.7302291
160390040,2016-02-08,38.45406102,-122.7340969
160390041,2016-02-08,38.452966499999995,-122.731721
160390043,2016-02-08,38.45154944,-122.66967520000001
160390044,2016-02-08,38.45996937,-122.73166409999999
160390045,2016-02-08,38.44462863,-122.7170749
160390046,2016-02-08,38.45154944,-122.66967520000001
160390047,2016-02-08,38.45019872,-122.69254679999999
160390048,2016-02-08,38.45154549,-122.67155420000002
160390049,2016-02-08,38.42985492,-122.71425890000002
160390050,2016-02-08,38.4388948,-122.68720800000001
160390052,2016-02-08,38.44024639,-122.5825606
160390054,2016-02-08,38.45554777,-122.67789259999999
160390055,2016-02-08,38.44876877,-122.67221440000002
160390056,2016-02-08,38.46421777,-122.72841559999999
160390057,2016-02-08,38.44161484,-122.7289686
160390059,2016-02-08,38.43714457,-122.7188627
160390060,2016-02-08,38.46873386,-122.74485390000001
160390061,2016-02-08,38.46916414,-122.72436090000002
160390062,2016-02-08,38.45154944,-122.66967520000001
160390063,2016-02-08,38.40499325,-122.7235354
160390064,2016-02-08,38.46101229,-122.71717120000001
160390065,2016-02-08,38.44068533,-122.6925754
160390066,2016-02-08,38.45402786,-122.7264021
160390067,2016-02-08,38.44072571,-122.71343290000002
160390068,2016-02-08,38.45806164,-122.7256519
160390072,2016-02-08,38.41378271,-122.73353090000002
160390073,2016-02-08,38.43776285,-122.7142084
160390075,2016-02-08,38.41906182,-122.70772959999998
160390076,2016-02-08,38.44162603,-122.6982486
160390078,2016-02-08,38.45025402,-122.72648290000001
160390079,2016-02-08,38.47686128,-122.7381217
160390080,2016-02-08,38.47138629,-122.6629798
160390082,2016-02-08,38.4231926,-122.76220759999998
160390084,2016-02-08,38.42406613,-122.72827439999999
160390085,2016-02-08,38.44139971,-122.71690690000001
160390086,2016-02-08,38.43724875,-122.74168600000002
160390092,2016-02-08,38.4421805,-122.706061
160390093,2016-02-08,38.42592609,-122.75336850000001
160390097,2016-02-08,38.43372932,-122.7286318
160390098,2016-02-08,38.45154944,-122.66967520000001
160390099,2016-02-08,38.45317993,-122.69418030000001
160390101,2016-02-08,38.43724875,-122.74168600000002
160390102,2016-02-08,38.47912384,-122.7528867
160390104,2016-02-08,38.436409999999995,-122.736143
160390106,2016-02-08,38.45460884,-122.7566801
160390107,2016-02-08,38.44369565,-122.7126676
160390109,2016-02-08,38.43556615,-122.66853490000001
160390112,2016-02-08,38.42984924,-122.74171740000001
160390113,2016-02-08,38.42608214,-122.66683090000001
160390114,2016-02-08,38.43164326,-122.7053655
160390115,2016-02-08,38.455409499999995,-122.72817260000001
160390116,2016-02-08,38.43372932,-122.7286318
160390117,2016-02-08,38.42441420000001,-122.70419209999999
160390119,2016-02-08,38.45597786,-122.73711570000002
160390121,2016-02-08,38.47312528,-122.7493217
160390123,2016-02-08,38.42628961,-122.66405870000001
160390124,2016-02-08,38.42242956,-122.69455159999998
160390125,2016-02-08,38.43876378,-122.7216926
160390126,2016-02-08,38.43659068,-122.7376355
160390127,2016-02-08,38.44002475,-122.74113940000001
160390129,2016-02-08,38.44389693,-122.708675
160390134,2016-02-08,38.44036347,-122.70283090000001
160390135,2016-02-08,38.46623454,-122.73023130000001
160390136,2016-02-08,38.45258756,-122.7513351
160390137,2016-02-08,38.44540732,-122.7394594
160390138,2016-02-08,38.44036347,-122.70283090000001
160390143,2016-02-08,38.43862443,-122.71994099999999
160390144,2016-02-08,38.47327583,-122.65169750000001
160390145,2016-02-08,38.44556038,-122.6916537
160390146,2016-02-08,38.43502981,-122.67217600000001
160390147,2016-02-08,38.46204646,-122.7256189
160390148,2016-02-08,38.44062836,-122.60608729999998
160390149,2016-02-08,38.441824600000004,-122.657552
160390150,2016-02-08,38.44121202,-122.7123828
160390151,2016-02-08,38.49297839,-122.69703229999999
160390153,2016-02-08,38.452966499999995,-122.731721
160390155,2016-02-08,38.45884356,-122.7326085
160390157,2016-02-08,38.44036347,-122.70283090000001
160390159,2016-02-08,38.42674234,-122.7430645
160390161,2016-02-08,38.41137304,-122.7352834
160390163,2016-02-08,38.4280194,-122.70612879999999
160390164,2016-02-08,38.45594683,-122.62796540000001
160390166,2016-02-08,38.45406102,-122.7340969
160390167,2016-02-08,38.47473016,-122.6717504
160390168,2016-02-08,38.47585804,-122.72166909999999
160390169,2016-02-08,38.43770367,-122.5848683
160390170,2016-02-08,38.44173424,-122.68725659999998
160390171,2016-02-08,38.43770367,-122.5848683
160390172,2016-02-08,38.441681700000004,-122.7696277
160390173,2016-02-08,38.4388948,-122.68720800000001
160390174,2016-02-08,38.47258833,-122.66203190000002
160390175,2016-02-08,38.45818345,-122.63423689999999
160390176,2016-02-08,38.4752047,-122.7512038
160390177,2016-02-08,38.47410884,-122.76625619999999
160390179,2016-02-08,38.47874725,-122.72286310000001
160390180,2016-02-08,38.45496854,-122.7173537
160390181,2016-02-08,38.42205332,-122.72923259999999
160390183,2016-02-08,38.42754179,-122.764606
160390184,2016-02-08,38.47686128,-122.7381217
160390186,2016-02-08,38.41137304,-122.7352834
160390187,2016-02-08,38.45956577,-122.7190646
160390190,2016-02-08,38.47686128,-122.7381217
160390191,2016-02-08,38.43343219,-122.72632890000001
160390193,2016-02-08,38.43781984,-122.59401059999999
160390195,2016-02-08,38.42984924,-122.74171740000001
160390196,2016-02-08,38.427682700000005,-122.57921090000002
160390198,2016-02-08,38.43227698,-122.7114314
160390200,2016-02-08,38.41996013,-122.6917024
160390201,2016-02-08,38.4323645,-122.704449
160390202,2016-02-08,38.43971531,-122.71565840000001
160390203,2016-02-08,38.4280194,-122.70612879999999
160390207,2016-02-08,38.42291731,-122.70760179999999
160390208,2016-02-08,38.44979601,-122.7463455
160390210,2016-02-08,38.44036347,-122.70283090000001
160390213,2016-02-08,38.47335547,-122.7328436
160390214,2016-02-08,38.43701961,-122.7158571
160390216,2016-02-08,38.44076213,-122.7215076
160390218,2016-02-08,38.46852999,-122.7232521
160390222,2016-02-08,38.455409499999995,-122.72817260000001
160390223,2016-02-08,38.48017046,-122.7422017
160390224,2016-02-08,38.42646461,-122.7116691
160390226,2016-02-08,38.44522915,-122.71871850000001
160390227,2016-02-08,38.44036347,-122.70283090000001
160390228,2016-02-08,38.43294769,-122.7445656
160390229,2016-02-08,38.43990724,-122.7325632
160390230,2016-02-08,38.42703197,-122.6655563
160390231,2016-02-08,38.43961792,-122.6764838
160390232,2016-02-08,38.43307028,-122.7149396
160390234,2016-02-08,38.43004583,-122.7126188
160390238,2016-02-08,38.408503100000004,-122.73713000000001
160390240,2016-02-08,38.4280194,-122.70612879999999
160390242,2016-02-08,38.40629585,-122.7385445
160390243,2016-02-08,38.4476302,-122.7095735
160390244,2016-02-08,38.44106649,-122.72008590000002
160390245,2016-02-08,38.46912427,-122.7326346
160390246,2016-02-08,38.41277098,-122.73477539999999
160390247,2016-02-08,38.41683121,-122.7400594
160390248,2016-02-08,38.43750423,-122.71239140000002
160390249,2016-02-08,38.45812259,-122.7358441
160390250,2016-02-08,38.43665196,-122.71227809999999
160390251,2016-02-08,38.44036347,-122.70283090000001
160390253,2016-02-08,38.440041799999996,-122.7209865
160390254,2016-02-08,38.47218833,-122.7563165
160390256,2016-02-08,38.43758957,-122.7014437
160390258,2016-02-08,38.41648379,-122.6977423
160390259,2016-02-08,38.43491201,-122.6954334
160390260,2016-02-08,38.47970235,-122.73446640000002
160390261,2016-02-08,38.46892046,-122.6757947
160390262,2016-02-08,38.43750423,-122.71239140000002
160390263,2016-02-08,38.44166603,-122.6981038
160390264,2016-02-08,38.45255091,-122.77187240000002
160390265,2016-02-08,38.44047583,-122.6689612
160390266,2016-02-08,38.34951835,-122.7270158
160390268,2016-02-08,38.47125611,-122.6768001
160390269,2016-02-08,38.46482899,-122.65142639999999
160390270,2016-02-08,38.42685471,-122.7413163
160390272,2016-02-08,38.45991177,-122.7284087
160390274,2016-02-08,38.42674234,-122.7430645
160390275,2016-02-08,38.42495205,-122.76666759999999
160390276,2016-02-08,38.43412344,-122.72660729999998
160390277,2016-02-08,38.45292701,-122.6846551
160390279,2016-02-08,38.43903444,-122.71295049999999
160390280,2016-02-08,38.43769345,-122.71779679999999
160390281,2016-02-08,38.47159071,-122.7499032
160390282,2016-02-08,38.44046206,-122.7140115
160390283,2016-02-08,38.44036347,-122.70283090000001
160390284,2016-02-08,38.41151265,-122.713498
160390285,2016-02-08,38.44827725,-122.7397233
160390286,2016-02-08,38.45730257,-122.7153453
160390287,2016-02-08,38.43447533,-122.70688740000001
160390288,2016-02-08,38.47200718,-122.7381105
160390289,2016-02-08,38.47496921,-122.6745622
160390291,2016-02-08,38.40486649,-122.71004209999998
160390292,2016-02-08,38.47970235,-122.73446640000002
160390293,2016-02-08,38.43971531,-122.71565840000001
160390294,2016-02-08,38.43876378,-122.7216926
160390296,2016-02-08,38.44046206,-122.7140115
160390297,2016-02-08,38.42739284,-122.71183359999999
160390298,2016-02-08,38.46720043,-122.72433079999999
160390299,2016-02-08,38.44036347,-122.70283090000001
160390300,2016-02-08,38.45997246,-122.72571909999999
160390302,2016-02-08,38.44036347,-122.70283090000001
160390303,2016-02-08,38.44036347,-122.70283090000001
160390304,2016-02-08,38.46686692,-122.6325865
160390305,2016-02-08,38.44036347,-122.70283090000001
160390306,2016-02-08,38.45998531,-122.7350344
160390307,2016-02-08,38.42546158,-122.6692824
160390310,2016-02-08,38.44751126,-122.76564599999999
160390312,2016-02-08,38.439145399999994,-122.7188437
160390313,2016-02-08,38.464714799999996,-122.72035190000001
160390314,2016-02-08,38.47428388,-122.72853570000001
160390315,2016-02-08,38.42685471,-122.7413163
160390317,2016-02-08,38.44036347,-122.70283090000001
160390318,2016-02-08,38.41618927,-122.71351899999999
160390319,2016-02-08,38.49278633,-122.7136327
160390320,2016-02-08,38.46499934,-122.73263840000001
160390321,2016-02-08,38.46101229,-122.71717120000001
160390322,2016-02-08,38.42546158,-122.6692824
160390323,2016-02-08,38.43502981,-122.67217600000001
160390324,2016-02-08,38.4692924,-122.763842
160390325,2016-02-08,38.48345204,-122.6912483
160390326,2016-02-08,38.45406768,-122.7730892
160390327,2016-02-08,38.46210603,-122.74463030000001
160390328,2016-02-08,38.44532601,-122.76962730000001
160390329,2016-02-08,38.42984924,-122.74171740000001
160390330,2016-02-08,38.4379375,-122.7615328
160390331,2016-02-08,38.45576138,-122.7264186
160390334,2016-02-08,38.44036347,-122.70283090000001
160390335,2016-02-08,38.44978962,-122.752269
160390336,2016-02-08,38.45830449,-122.67546259999999
160390337,2016-02-08,38.47428388,-122.72853570000001
160390338,2016-02-08,38.46210603,-122.74463030000001
160390339,2016-02-08,38.4476302,-122.7095735
160390340,2016-02-08,38.44036347,-122.70283090000001
160390341,2016-02-08,38.45991177,-122.7284087
160390342,2016-02-08,38.4379375,-122.7615328
160390343,2016-02-08,38.45522646,-122.7519364
160390344,2016-02-08,38.41763017,-122.71351940000001
160390345,2016-02-08,38.43033883,-122.7175395
160390347,2016-02-08,38.438010799999994,-122.71948130000001
160390348,2016-02-08,38.43536883,-122.7530868
160390349,2016-02-08,38.45406102,-122.7340969
160390350,2016-02-08,38.45415504,-122.6983438
160390352,2016-02-08,38.46032734,-122.7213729
160390353,2016-02-08,38.44199534,-122.6734946
160390354,2016-02-08,38.46514621,-122.665481
160390355,2016-02-08,38.44792647,-122.6752873
160390356,2016-02-08,38.47864578,-122.6606987
160390358,2016-02-08,38.40759323,-122.7366068
160390359,2016-02-08,38.43112552,-122.69424199999999
160390360,2016-02-08,38.43139518,-122.76384070000002
160390361,2016-02-08,38.46421777,-122.72841559999999
160390362,2016-02-08,38.4419527,-122.7107402
160390363,2016-02-08,38.45993819,-122.7267705
160390364,2016-02-08,38.42683241,-122.76022309999999
160390365,2016-02-08,38.45861228,-122.7105803
160390366,2016-02-08,38.47428388,-122.72853570000001
160390367,2016-02-08,38.44076213,-122.7215076
160390368,2016-02-08,38.461123799999996,-122.76413020000001
160390371,2016-02-08,38.44285521,-122.7017068
160390372,2016-02-08,38.43808451,-122.6947284
160390373,2016-02-08,38.4379375,-122.7615328
160390374,2016-02-08,38.42568262,-122.7319736
160390376,2016-02-08,38.4379375,-122.7615328
160390377,2016-02-08,38.44389693,-122.708675
160390378,2016-02-08,38.43033883,-122.7175395
160390379,2016-02-08,38.42077055,-122.71735149999999
160390380,2016-02-08,38.42205332,-122.72923259999999
160390381,2016-02-08,38.44585316,-122.7555475
160390382,2016-02-08,38.44285521,-122.7017068
160390383,2016-02-08,38.45576138,-122.7264186
160390384,2016-02-08,38.45730241,-122.6712994
160390385,2016-02-08,38.42866101,-122.74153390000002
160400001,2016-02-09,38.42077055,-122.71735149999999
160400002,2016-02-09,38.45991177,-122.7284087
160400003,2016-02-09,38.45029799,-122.68860159999998
160400004,2016-02-09,38.47971181,-122.73813090000002
160400005,2016-02-09,38.43723872,-122.70664579999999
160400007,2016-02-09,38.46999814,-122.6624598
160400008,2016-02-09,38.44532601,-122.76962730000001
160400010,2016-02-09,38.4421805,-122.706061
160400011,2016-02-09,38.48721196,-122.7069247
160400012,2016-02-09,38.45406768,-122.7730892
160400014,2016-02-09,38.43800415,-122.7669201
160400015,2016-02-09,38.46331595,-122.6749892
160400017,2016-02-09,38.47686128,-122.7381217
160400018,2016-02-09,38.440376799999996,-122.744635
160400019,2016-02-09,38.46421777,-122.72841559999999
160400020,2016-02-09,38.44285521,-122.7017068
160400022,2016-02-09,38.43365196,-122.74009609999999
160400023,2016-02-09,38.43853012,-122.7337009
160400024,2016-02-09,38.4527299,-122.66173640000001
160400025,2016-02-09,38.46421777,-122.72841559999999
160400026,2016-02-09,38.47584638,-122.75024099999999
160400027,2016-02-09,38.44206222,-122.71239409999998
160400028,2016-02-09,38.44146345,-122.7398986
160400029,2016-02-09,38.43675357,-122.70401770000001
160400030,2016-02-09,38.44788986,-122.7176592
160400031,2016-02-09,38.4414286,-122.71379180000001
160400032,2016-02-09,38.43700831,-122.7403962
160400033,2016-02-09,38.43525419,-122.6859145
160400034,2016-02-09,38.47428388,-122.72853570000001
160400035,2016-02-09,38.44285521,-122.7017068
160400036,2016-02-09,38.47006676,-122.74534550000001
160400037,2016-02-09,38.44213684,-122.6760741
160400038,2016-02-09,38.44531078,-122.71774199999999
160400039,2016-02-09,38.45001435,-122.7362446
160400040,2016-02-09,38.442763299999996,-122.7292925
160400041,2016-02-09,38.45496838,-122.6721729
160400042,2016-02-09,38.44155811,-122.73775259999998
160400043,2016-02-09,38.41998491,-122.7661094
160400044,2016-02-09,38.44274724,-122.72123329999998
160400045,2016-02-09,38.418366,-122.694837
160400046,2016-02-09,38.44310539,-122.7284926
160400047,2016-02-09,38.45154953,-122.6792311
160400048,2016-02-09,38.44114633,-122.71012549999999
160400049,2016-02-09,38.47680582,-122.6690656
160400050,2016-02-09,38.42386438,-122.7081955
160400051,2016-02-09,38.45254856,-122.7696375
160400052,2016-02-09,38.46482899,-122.65142639999999
160400053,2016-02-09,38.43491651,-122.6619352
160400054,2016-02-09,38.43541921,-122.7277581
160400055,2016-02-09,38.45496838,-122.6721729
160400057,2016-02-09,38.45576138,-122.7264186
160400058,2016-02-09,38.42320746,-122.73936950000001
160400059,2016-02-09,38.44453735,-122.7123395
160400060,2016-02-09,38.43965306,-122.70543
160400062,2016-02-09,38.45938071,-122.73149309999998
160400063,2016-02-09,38.46912427,-122.7326346
160400064,2016-02-09,38.44181202,-122.7475528
160400065,2016-02-09,38.4414495,-122.7190885
160400066,2016-02-09,38.44121202,-122.7123828
160400068,2016-02-09,38.42592609,-122.75336850000001
160400069,2016-02-09,38.4624214,-122.7350827
160400070,2016-02-09,38.44285521,-122.7017068
160400071,2016-02-09,38.45148738,-122.7407834
160400072,2016-02-09,38.47318408,-122.6770976
160400074,2016-02-09,38.41034738,-122.75705970000001
160400075,2016-02-09,38.45459814,-122.710618
160400076,2016-02-09,38.41992838,-122.74458670000001
160400078,2016-02-09,38.42685471,-122.7413163
160400081,2016-02-09,38.44273969,-122.71568059999998
160400082,2016-02-09,38.44114633,-122.71012549999999
160400083,2016-02-09,38.41352261,-122.74360259999999
160400084,2016-02-09,38.47083037,-122.73245770000001
160400085,2016-02-09,38.46101047,-122.71060890000001
160400087,2016-02-09,38.44589407,-122.726646
160400088,2016-02-09,38.46421777,-122.72841559999999
160400090,2016-02-09,38.4380231,-122.77030900000001
160400091,2016-02-09,38.45880608,-122.717197
160400092,2016-02-09,38.46421777,-122.72841559999999
160400093,2016-02-09,38.47827155,-122.7161967
160400094,2016-02-09,38.44590336,-122.6764881
160400095,2016-02-09,38.45577955,-122.70801940000001
160400096,2016-02-09,38.42984924,-122.74171740000001
160400097,2016-02-09,38.47083037,-122.73245770000001
160400098,2016-02-09,38.45389804,-122.6946578
160400099,2016-02-09,38.45920769,-122.7210241
160400101,2016-02-09,38.42252519,-122.7642633
160400102,2016-02-09,38.45737181,-122.74114840000001
160400103,2016-02-09,38.45974038,-122.7429957
160400104,2016-02-09,38.42197193,-122.7103328
160400105,2016-02-09,38.43535628,-122.7120801
160400106,2016-02-09,38.46825468,-122.69910390000001
160400107,2016-02-09,38.44218988,-122.6079707
160400108,2016-02-09,38.45735888,-122.71725579999999
160400110,2016-02-09,38.45884532,-122.72293140000001
160400111,2016-02-09,38.43139518,-122.76384070000002
160400112,2016-02-09,38.46877293,-122.7054435
160400113,2016-02-09,38.44701863,-122.6863759
160400114,2016-02-09,38.43263618,-122.7260264
160400115,2016-02-09,38.42325793,-122.81068909999998
160400116,2016-02-09,38.44608487,-122.6820192
160400117,2016-02-09,38.43234501,-122.7592631
160400118,2016-02-09,38.45991177,-122.7284087
160400119,2016-02-09,38.43191124,-122.5786757
160400121,2016-02-09,38.43438597,-122.72544979999999
160400122,2016-02-09,38.44351505,-122.7037485
160400123,2016-02-09,38.43267275,-122.76607649999998
160400124,2016-02-09,38.45803531,-122.6729237
160400125,2016-02-09,38.45526246,-122.6912129
160400126,2016-02-09,38.43588239,-122.7673273
160400127,2016-02-09,38.45880608,-122.717197
160400128,2016-02-09,38.46825468,-122.69910390000001
160400130,2016-02-09,38.44379613,-122.706748
160400132,2016-02-09,38.4371594,-122.74624920000001
160400133,2016-02-09,38.45991177,-122.7284087
160400134,2016-02-09,38.43760789,-122.6772233
160400135,2016-02-09,38.44174877,-122.71309140000001
160400136,2016-02-09,38.4452399,-122.75130279999999
160400137,2016-02-09,38.46919178,-122.72937320000001
160400139,2016-02-09,38.45406102,-122.7340969
160400140,2016-02-09,38.440041799999996,-122.7209865
160400142,2016-02-09,38.45052182,-122.7107115
160400144,2016-02-09,38.45977767,-122.75119640000001
160400146,2016-02-09,38.47450289,-122.74934340000001
160400148,2016-02-09,38.44072571,-122.71343290000002
160400149,2016-02-09,38.43684506,-122.70821090000001
160400150,2016-02-09,38.43757522,-122.68170490000001
160400151,2016-02-09,38.477852,-122.71588200000001
160400152,2016-02-09,38.47553201,-122.73060520000001
160400154,2016-02-09,38.42003154,-122.6924372
160400155,2016-02-09,38.43307028,-122.7149396
160400156,2016-02-09,38.42030020000001,-122.71351090000002
160400157,2016-02-09,38.45998229,-122.7403416
160400158,2016-02-09,38.45052182,-122.7107115
160400161,2016-02-09,38.45909335,-122.71717520000001
160400162,2016-02-09,38.45884356,-122.7326085
160400163,2016-02-09,38.42894733,-122.73236999999999
160400164,2016-02-09,38.44581123,-122.72344869999999
160400165,2016-02-09,38.449765500000005,-122.7202701
160400166,2016-02-09,38.46210603,-122.74463030000001
160400167,2016-02-09,38.43370644,-122.6872527
160400168,2016-02-09,38.41582069,-122.7080223
160400169,2016-02-09,38.41646107,-122.70881059999999
160400170,2016-02-09,38.47450289,-122.74934340000001
160400172,2016-02-09,38.46825468,-122.69910390000001
160400173,2016-02-09,38.40713665,-122.74139550000001
160400175,2016-02-09,38.45029207,-122.7276695
160400176,2016-02-09,38.4384119,-122.6968065
160400179,2016-02-09,38.44409672,-122.76327590000001
160400181,2016-02-09,38.442763299999996,-122.7292925
160400183,2016-02-09,38.46101229,-122.71717120000001
160400184,2016-02-09,38.45029207,-122.7276695
160400186,2016-02-09,38.43758314,-122.73158259999998
160400189,2016-02-09,38.43343219,-122.72632890000001
160400190,2016-02-09,38.44121202,-122.7123828
160400191,2016-02-09,38.47358266,-122.71336229999999
160400192,2016-02-09,38.45909335,-122.71717520000001
160400193,2016-02-09,38.42644233,-122.7466994
160400195,2016-02-09,38.432281,-122.7364231
160400196,2016-02-09,38.45112279999999,-122.69179640000002
160400199,2016-02-09,38.43477608,-122.736604
160400201,2016-02-09,38.47335547,-122.7328436
160400202,2016-02-09,38.47971181,-122.73813090000002
160400203,2016-02-09,38.44462863,-122.7170749
160400204,2016-02-09,38.4384119,-122.6968065
160400207,2016-02-09,38.450788,-122.6975206
160400208,2016-02-09,38.42202189,-122.69909399999999
160400209,2016-02-09,38.4317809,-122.720331
160400210,2016-02-09,38.45880608,-122.717197
160400212,2016-02-09,38.40172352,-122.71088229999998
160400213,2016-02-09,38.41164352,-122.73429080000001
160400215,2016-02-09,38.450451,-122.749801
160400216,2016-02-09,38.47686128,-122.7381217
160400217,2016-02-09,38.43932824,-122.72045349999999
160400218,2016-02-09,38.41811952,-122.74019720000001
160400219,2016-02-09,38.47173676,-122.72091370000001
160400220,2016-02-09,38.47445236,-122.6620158
160400221,2016-02-09,38.42674234,-122.7430645
160400223,2016-02-09,38.43102634,-122.7235509
160400224,2016-02-09,38.45112279999999,-122.69179640000002
160400225,2016-02-09,38.45406102,-122.7340969
160400227,2016-02-09,38.40285384,-122.71347800000001
160400228,2016-02-09,38.45045002,-122.75132109999998
160400229,2016-02-09,38.47970235,-122.73446640000002
160400230,2016-02-09,38.44023055,-122.7145525
160400231,2016-02-09,38.43799433,-122.70998449999999
160400232,2016-02-09,38.44121202,-122.7123828
160400234,2016-02-09,38.41193139,-122.70786070000001
160400235,2016-02-09,38.42739284,-122.71183359999999
160400236,2016-02-09,38.44403502,-122.70426709999998
160400238,2016-02-09,38.442961499999996,-122.7225481
160400239,2016-02-09,38.44939856,-122.6699683
160400240,2016-02-09,38.42417658,-122.753153
160400241,2016-02-09,38.43750841,-122.72865700000001
160400243,2016-02-09,38.45553974,-122.68633529999998
160400245,2016-02-09,38.45259497,-122.670344
160400246,2016-02-09,38.46421777,-122.72841559999999
160400247,2016-02-09,38.46662813,-122.7430045
160400248,2016-02-09,38.43278424,-122.70593799999999
160400251,2016-02-09,38.44751126,-122.76564599999999
160400252,2016-02-09,38.45974038,-122.7429957
160400253,2016-02-09,38.44173424,-122.68725659999998
160400254,2016-02-09,38.44167409,-122.73524099999999
160400255,2016-02-09,38.46919178,-122.72937320000001
160400256,2016-02-09,38.43541921,-122.7277581
160400257,2016-02-09,38.41240496,-122.7568862
160400258,2016-02-09,38.4565141,-122.7411455
160400259,2016-02-09,38.45406102,-122.7340969
160400262,2016-02-09,38.44421942,-122.7265969
160400263,2016-02-09,38.44036347,-122.70283090000001
160400265,2016-02-09,38.45255091,-122.77187240000002
160400266,2016-02-09,38.45112279999999,-122.69179640000002
160400267,2016-02-09,38.4267074,-122.7186929
160400268,2016-02-09,38.4280234,-122.7250038
160400269,2016-02-09,38.45884356,-122.7326085
160400270,2016-02-09,38.48216709,-122.6723959
160400271,2016-02-09,38.460974,-122.72521499999999
160400272,2016-02-09,38.427921999999995,-122.715473
160400273,2016-02-09,38.45991177,-122.7284087
160400275,2016-02-09,38.47971181,-122.73813090000002
160400277,2016-02-09,38.45496854,-122.7173537
160400278,2016-02-09,38.4612714,-122.74486359999999
160400280,2016-02-09,38.42887399,-122.67699640000002
160400282,2016-02-09,38.44036347,-122.70283090000001
160400283,2016-02-09,38.44292593,-122.70452560000001
160400284,2016-02-09,38.44315547,-122.7081412
160400285,2016-02-09,38.44114633,-122.71012549999999
160400286,2016-02-09,38.46864502,-122.6648547
160400287,2016-02-09,38.43059702,-122.7253189
160400289,2016-02-09,38.42763646,-122.73785079999999
160400290,2016-02-09,38.43770367,-122.5848683
160400291,2016-02-09,38.44036347,-122.70283090000001
160400292,2016-02-09,38.43456184,-122.6997523
160400293,2016-02-09,38.43769345,-122.71779679999999
160400294,2016-02-09,38.45683688,-122.75211399999999
160400296,2016-02-09,38.45880608,-122.717197
160400298,2016-02-09,38.42750512,-122.7286485
160400299,2016-02-09,38.46505778,-122.71938200000001
160400300,2016-02-09,38.46499934,-122.73263840000001
160400301,2016-02-09,38.45154944,-122.66967520000001
160400302,2016-02-09,38.46999814,-122.6624598
160400303,2016-02-09,38.413219700000006,-122.7135365
160400305,2016-02-09,38.45254789,-122.7755022
160400306,2016-02-09,38.41442702,-122.7194817
160400307,2016-02-09,38.45576138,-122.7264186
160400308,2016-02-09,38.49805368,-122.7232929
160400310,2016-02-09,38.45296878,-122.7024855
160400311,2016-02-09,38.41811952,-122.74019720000001
160400312,2016-02-09,38.44117435,-122.6669951
160400313,2016-02-09,38.44978962,-122.752269
160400314,2016-02-09,38.44174204,-122.6654143
160400316,2016-02-09,38.46919178,-122.72937320000001
160400317,2016-02-09,38.45730241,-122.6712994
160400318,2016-02-09,38.42519351,-122.7635252
160400319,2016-02-09,38.42519351,-122.7635252
160400320,2016-02-09,38.43700831,-122.7403962
160400321,2016-02-09,38.44315547,-122.7081412
160400322,2016-02-09,38.44369165,-122.7111923
160400323,2016-02-09,38.46204646,-122.7256189
160400324,2016-02-09,38.44036347,-122.70283090000001
160400325,2016-02-09,38.44036347,-122.70283090000001
160400326,2016-02-09,38.47971079,-122.7352915
160400327,2016-02-09,38.46331595,-122.6749892
160400328,2016-02-09,38.47399546,-122.738114
160400329,2016-02-09,38.45997358,-122.73261799999999
160400330,2016-02-09,38.4706443,-122.72981340000001
160400331,2016-02-09,38.45991177,-122.7284087
160400333,2016-02-09,38.45909335,-122.71717520000001
160400334,2016-02-09,38.43294769,-122.7445656
160400335,2016-02-09,38.44036347,-122.70283090000001
160400337,2016-02-09,38.44036347,-122.70283090000001
160400338,2016-02-09,38.42674234,-122.7430645
160400339,2016-02-09,38.45727029,-122.71424540000001
160400340,2016-02-09,38.46498999,-122.6559413
160400341,2016-02-09,38.44285521,-122.7017068
160400343,2016-02-09,38.45576138,-122.7264186
160400344,2016-02-09,38.45991177,-122.7284087
160400345,2016-02-09,38.42153429,-122.66453600000001
160400347,2016-02-09,38.45017295,-122.70260520000001
160400348,2016-02-09,38.48780638,-122.6935557
160400349,2016-02-09,38.4886702,-122.69067759999999
160400350,2016-02-09,38.43059702,-122.7253189
160400351,2016-02-09,38.43059702,-122.7253189
160400353,2016-02-09,38.45154549,-122.67155420000002
160400355,2016-02-09,38.42197193,-122.7103328
160400356,2016-02-09,38.4649157,-122.6533696
160400358,2016-02-09,38.44634726,-122.7068557
160400361,2016-02-09,38.42674234,-122.7430645
160400363,2016-02-09,38.46014272,-122.72253740000001
160400364,2016-02-09,38.46172539,-122.7696703
160400365,2016-02-09,38.46886272,-122.7547568
160400366,2016-02-09,38.45492641,-122.7000041
160400367,2016-02-09,38.454181,-122.679409
160400368,2016-02-09,38.41646107,-122.70881059999999
160400369,2016-02-09,38.44171787,-122.73388680000001
160400371,2016-02-09,38.47399645,-122.7401926
160400372,2016-02-09,38.43800415,-122.7669201
160400373,2016-02-09,38.46499934,-122.73263840000001
160400374,2016-02-09,38.43698542,-122.70643600000001
160400375,2016-02-09,38.44589407,-122.726646
160400376,2016-02-09,38.45760065,-122.7266173
160400377,2016-02-09,38.455409499999995,-122.72817260000001
160400378,2016-02-09,38.41748986,-122.70190890000002
160400380,2016-02-09,38.45938071,-122.73149309999998
160400383,2016-02-09,38.44876549,-122.7265313
160400384,2016-02-09,38.413219700000006,-122.7135365
160400385,2016-02-09,38.46505778,-122.71938200000001
160400386,2016-02-09,38.44878675,-122.7289324
160400387,2016-02-09,38.47971181,-122.73813090000002
160400388,2016-02-09,38.44577885,-122.72255679999999
160400389,2016-02-09,38.45154549,-122.67155420000002
160400390,2016-02-09,38.47297747,-122.72614070000002
160400391,2016-02-09,38.45991177,-122.7284087
160400392,2016-02-09,38.45370948,-122.68942309999998
160400393,2016-02-09,38.46311909,-122.7182737
160400394,2016-02-09,38.44036347,-122.70283090000001
160400395,2016-02-09,38.46505778,-122.71938200000001
160400397,2016-02-09,38.42677371,-122.7178509
160400398,2016-02-09,38.43776285,-122.7142084
160400399,2016-02-09,38.413219700000006,-122.7135365
160400400,2016-02-09,38.44848820000001,-122.7361192
160400401,2016-02-09,38.47598208,-122.73298249999999
160400402,2016-02-09,38.44046206,-122.7140115
160400403,2016-02-09,38.41644952,-122.7135188
160400404,2016-02-09,38.4421805,-122.706061
160400405,2016-02-09,38.4414286,-122.71379180000001
160400406,2016-02-09,38.42662926,-122.70681909999999
160410001,2016-02-10,38.4380231,-122.77030900000001
160410003,2016-02-10,38.44564739,-122.7177125
160410006,2016-02-10,38.4452399,-122.75130279999999
160410007,2016-02-10,38.43294769,-122.7445656
160410008,2016-02-10,38.42866101,-122.74153390000002
160410010,2016-02-10,38.44285521,-122.7017068
160410011,2016-02-10,38.44581123,-122.72344869999999
160410012,2016-02-10,38.43800758,-122.76873909999998
160410013,2016-02-10,38.4776917,-122.74271470000001
160410015,2016-02-10,38.46311909,-122.7182737
160410016,2016-02-10,38.4371594,-122.74624920000001
160410017,2016-02-10,38.42135934,-122.7147642
160410018,2016-02-10,38.42205332,-122.72923259999999
160410019,2016-02-10,38.49636772,-122.75186049999999
160410020,2016-02-10,38.43164326,-122.7053655
160410021,2016-02-10,38.46309979,-122.7627345
160410022,2016-02-10,38.47006676,-122.74534550000001
160410023,2016-02-10,38.44651609,-122.69694720000001
160410024,2016-02-10,38.47093072,-122.7483588
160410025,2016-02-10,38.44520683,-122.68781979999999
160410026,2016-02-10,38.47971181,-122.73813090000002
160410027,2016-02-10,38.45909335,-122.71717520000001
160410028,2016-02-10,38.43312868,-122.70439609999998
160410030,2016-02-10,38.45938071,-122.73149309999998
160410031,2016-02-10,38.44285521,-122.7017068
160410033,2016-02-10,38.44198325,-122.72407240000001
160410034,2016-02-10,38.4421805,-122.706061
160410035,2016-02-10,38.45998808,-122.72469280000001
160410036,2016-02-10,38.44451414,-122.68771240000001
160410037,2016-02-10,38.43137011,-122.70806520000001
160410038,2016-02-10,38.41731457,-122.7377494
160410041,2016-02-10,38.42644233,-122.7466994
160410042,2016-02-10,38.46204646,-122.7256189
160410043,2016-02-10,38.41731457,-122.7377494
160410044,2016-02-10,38.41906182,-122.70772959999998
160410045,2016-02-10,38.41731457,-122.7377494
160410046,2016-02-10,38.44451414,-122.68771240000001
160410047,2016-02-10,38.43379484,-122.74240049999999
160410048,2016-02-10,38.41373458,-122.75017460000001
160410049,2016-02-10,38.44379613,-122.706748
160410051,2016-02-10,38.42135934,-122.7147642
160410052,2016-02-10,38.44350903,-122.6990703
160410054,2016-02-10,38.44564739,-122.7177125
160410055,2016-02-10,38.44392348,-122.7187663
160410056,2016-02-10,38.43019484,-122.72711840000001
160410058,2016-02-10,38.40674151,-122.72020479999999
160410059,2016-02-10,38.44046206,-122.7140115
160410060,2016-02-10,38.45503168,-122.73984640000002
160410061,2016-02-10,38.4706443,-122.72981340000001
160410063,2016-02-10,38.43593089,-122.7077131
160410065,2016-02-10,38.44121202,-122.7123828
160410066,2016-02-10,38.4414495,-122.7190885
160410067,2016-02-10,38.42764531,-122.72495900000001
160410068,2016-02-10,38.44036347,-122.70283090000001
160410069,2016-02-10,38.42286372,-122.74786329999999
160410070,2016-02-10,38.46172539,-122.7696703
160410071,2016-02-10,38.40974005,-122.7277182
160410072,2016-02-10,38.44302503,-122.7060213
160410073,2016-02-10,38.44114633,-122.71012549999999
160410074,2016-02-10,38.46331595,-122.6749892
160410075,2016-02-10,38.43840614,-122.7225159
160410076,2016-02-10,38.47062292,-122.73575770000001
160410077,2016-02-10,38.44106649,-122.72008590000002
160410078,2016-02-10,38.40392255,-122.713475
160410081,2016-02-10,38.4453395,-122.7417051
160410082,2016-02-10,38.43972733,-122.66837120000001
160410084,2016-02-10,38.45456355,-122.70809979999999
160410088,2016-02-10,38.46331595,-122.6749892
160410090,2016-02-10,38.45993819,-122.7267705
160410091,2016-02-10,38.46754183,-122.6767908
160410093,2016-02-10,38.41378271,-122.73353090000002
160410095,2016-02-10,38.44116505,-122.66702140000001
160410096,2016-02-10,38.43957341,-122.720619
160410097,2016-02-10,38.42417658,-122.753153
160410098,2016-02-10,38.43965306,-122.70543
160410099,2016-02-10,38.4453518,-122.70690800000001
160410101,2016-02-10,38.47148370000001,-122.73962809999999
160410102,2016-02-10,38.40285384,-122.71347800000001
160410104,2016-02-10,38.45254856,-122.7696375
160410106,2016-02-10,38.4497815,-122.71755870000001
160410107,2016-02-10,38.43164326,-122.7053655
160410108,2016-02-10,38.41193064,-122.7086547
160410109,2016-02-10,38.45312095,-122.70817
160410110,2016-02-10,38.41646107,-122.70881059999999
160410112,2016-02-10,38.42417658,-122.753153
160410113,2016-02-10,38.45258756,-122.7513351
160410114,2016-02-10,38.42417658,-122.753153
160410115,2016-02-10,38.433808,-122.59485500000001
160410116,2016-02-10,38.47586238,-122.672367
160410118,2016-02-10,38.41646107,-122.70881059999999
160410119,2016-02-10,38.43102634,-122.7235509
160410120,2016-02-10,38.41030288,-122.7094955
160410121,2016-02-10,38.44023055,-122.7145525
160410122,2016-02-10,38.48175184,-122.658198
160410123,2016-02-10,38.452966499999995,-122.731721
160410124,2016-02-10,38.43852354,-122.7019825
160410126,2016-02-10,38.47104664,-122.756316
160410127,2016-02-10,38.437075,-122.734909
160410129,2016-02-10,38.440041799999996,-122.7209865
160410130,2016-02-10,38.44121202,-122.7123828
160410133,2016-02-10,38.45993819,-122.7267705
160410135,2016-02-10,38.43535628,-122.7120801
160410139,2016-02-10,38.41193064,-122.7086547
160410140,2016-02-10,38.4734039,-122.76805870000001
160410145,2016-02-10,38.44036347,-122.70283090000001
160410146,2016-02-10,38.46840455,-122.70757859999999
160410147,2016-02-10,38.45956577,-122.7190646
160410149,2016-02-10,38.445991799999994,-122.7096136
160410152,2016-02-10,38.43436562,-122.58671509999998
160410153,2016-02-10,38.45997829,-122.7406116
160410154,2016-02-10,38.46446004,-122.7669668
160410155,2016-02-10,38.445319500000004,-122.76781979999998
160410156,2016-02-10,38.43734310000001,-122.6678993
160410157,2016-02-10,38.4414286,-122.71379180000001
160410158,2016-02-10,38.45873641,-122.67438670000001
160410159,2016-02-10,38.43762047,-122.667158
160410160,2016-02-10,38.45758929,-122.7178531
160410161,2016-02-10,38.4453183,-122.76332409999999
160410162,2016-02-10,38.455476000000004,-122.67870400000001
160410163,2016-02-10,38.41582069,-122.7080223
160410164,2016-02-10,38.46644047,-122.73723170000001
160410167,2016-02-10,38.44654316,-122.6880353
160410168,2016-02-10,38.47347489,-122.65949779999998
160410170,2016-02-10,38.41328316,-122.70426670000002
160410171,2016-02-10,38.45956577,-122.7190646
160410172,2016-02-10,38.45576138,-122.7264186
160410173,2016-02-10,38.43263618,-122.7260264
160410174,2016-02-10,38.43263618,-122.7260264
160410175,2016-02-10,38.43649636,-122.69579499999999
160410176,2016-02-10,38.4506374,-122.6973054
160410177,2016-02-10,38.43227698,-122.7114314
160410178,2016-02-10,38.43862443,-122.71994099999999
160410179,2016-02-10,38.45880608,-122.717197
160410181,2016-02-10,38.40974005,-122.7277182
160410182,2016-02-10,38.41648379,-122.6977423
160410188,2016-02-10,38.45463396,-122.71176100000001
160410190,2016-02-10,38.45258756,-122.7513351
160410194,2016-02-10,38.41798954,-122.69937320000001
160410195,2016-02-10,38.47686128,-122.7381217
160410196,2016-02-10,38.47536781,-122.7323398
160410197,2016-02-10,38.46311909,-122.7182737
160410198,2016-02-10,38.43307028,-122.7149396
160410199,2016-02-10,38.44036347,-122.70283090000001
160410200,2016-02-10,38.41952472,-122.6956676
160410202,2016-02-10,38.40185186,-122.72326329999999
160410205,2016-02-10,38.42942138,-122.6759648
160410207,2016-02-10,38.47247575,-122.7306991
160410208,2016-02-10,38.4545527,-122.80166940000001
160410209,2016-02-10,38.44281272,-122.7245646
160410211,2016-02-10,38.47330973,-122.67563490000002
160410212,2016-02-10,38.45546474,-122.7379425
160410214,2016-02-10,38.44392348,-122.7187663
160410215,2016-02-10,38.42674234,-122.7430645
160410216,2016-02-10,38.42823724,-122.6639304
160410218,2016-02-10,38.4179043,-122.74303529999999
160410219,2016-02-10,38.4506374,-122.6973054
160410220,2016-02-10,38.40824168,-122.74028249999999
160410222,2016-02-10,38.43879551,-122.7084638
160410223,2016-02-10,38.45255117,-122.76824450000001
160410228,2016-02-10,38.4476302,-122.7095735
160410231,2016-02-10,38.47724753,-122.6714225
160410233,2016-02-10,38.44306762,-122.7140585
160410234,2016-02-10,38.41651065,-122.7058
160410236,2016-02-10,38.45651115,-122.7362721
160410237,2016-02-10,38.42107583,-122.7060808
160410238,2016-02-10,38.47330973,-122.67563490000002
160410240,2016-02-10,38.45998099,-122.73801110000001
160410241,2016-02-10,38.42003642,-122.7185621
160410242,2016-02-10,38.44167409,-122.73524099999999
160410243,2016-02-10,38.44110696,-122.71449820000001
160410244,2016-02-10,38.46160651,-122.64379109999999
160410245,2016-02-10,38.40349628,-122.7503825
160410246,2016-02-10,38.41618927,-122.71351899999999
160410247,2016-02-10,38.45630368,-122.7593473
160410248,2016-02-10,38.452966499999995,-122.731721
160410249,2016-02-10,38.47701748,-122.67243640000001
160410251,2016-02-10,38.44574276,-122.652634
160410252,2016-02-10,38.44304092,-122.7105672
160410253,2016-02-10,38.43507093,-122.70536129999999
160410255,2016-02-10,38.47971181,-122.73813090000002
160410256,2016-02-10,38.44590336,-122.6764881
160410257,2016-02-10,38.42628117,-122.65781170000001
160410258,2016-02-10,38.42777208,-122.76104099999999
160410259,2016-02-10,38.40172352,-122.71088229999998
160410260,2016-02-10,38.44356872,-122.70722140000001
160410262,2016-02-10,38.46077026,-122.6736368
160410263,2016-02-10,38.44348344,-122.7617818
160410265,2016-02-10,38.47218833,-122.7563165
160410266,2016-02-10,38.41429399,-122.71748640000001
160410267,2016-02-10,38.46493936,-122.76272309999999
160410270,2016-02-10,38.42973908,-122.7500199
160410271,2016-02-10,38.46866988,-122.64913190000001
160410272,2016-02-10,38.41683121,-122.7400594
160410273,2016-02-10,38.4452399,-122.75130279999999
160410275,2016-02-10,38.45884356,-122.7326085
160410276,2016-02-10,38.45991177,-122.7284087
160410278,2016-02-10,38.46675429,-122.6740923
160410279,2016-02-10,38.45651115,-122.7362721
160410280,2016-02-10,38.4695314,-122.7627481
160410283,2016-02-10,38.42866101,-122.74153390000002
160410284,2016-02-10,38.46172539,-122.7696703
160410285,2016-02-10,38.42739284,-122.71183359999999
160410286,2016-02-10,38.45329286,-122.71442990000001
160410288,2016-02-10,38.46954255,-122.75829579999998
160410289,2016-02-10,38.45168519,-122.6992001
160410290,2016-02-10,38.46264396,-122.6613247
160410291,2016-02-10,38.46886272,-122.7547568
160410292,2016-02-10,38.41646107,-122.70881059999999
160410294,2016-02-10,38.43751684,-122.7601625
160410295,2016-02-10,38.44036347,-122.70283090000001
160410296,2016-02-10,38.45991177,-122.7284087
160410297,2016-02-10,38.45447584,-122.68080900000001
160410298,2016-02-10,38.46909751,-122.7393386
160410299,2016-02-10,38.45991177,-122.7284087
160410300,2016-02-10,38.46923636,-122.72199540000001
160410301,2016-02-10,38.42568262,-122.7319736
160410302,2016-02-10,38.44046206,-122.7140115
160410303,2016-02-10,38.442297499999995,-122.652033
160410305,2016-02-10,38.45329286,-122.71442990000001
160410306,2016-02-10,38.47350714,-122.63925790000002
160410307,2016-02-10,38.4267074,-122.7186929
160410309,2016-02-10,38.43164326,-122.7053655
160410310,2016-02-10,38.47254938,-122.73435090000001
160410311,2016-02-10,38.41433572,-122.7234498
160410312,2016-02-10,38.44803856,-122.7224506
160410313,2016-02-10,38.413219700000006,-122.7135365
160410314,2016-02-10,38.43616447,-122.66898300000001
160410315,2016-02-10,38.425103,-122.70460220000001
160410316,2016-02-10,38.46278075,-122.74652730000001
160410317,2016-02-10,38.46233298,-122.7417378
160410318,2016-02-10,38.47619168,-122.652101
160410319,2016-02-10,38.41649031,-122.70427279999998
160410321,2016-02-10,38.46233298,-122.7417378
160410326,2016-02-10,38.45630368,-122.7593473
160410327,2016-02-10,38.4280234,-122.7250038
160410328,2016-02-10,38.48374729,-122.71226850000001
160410329,2016-02-10,38.42823724,-122.6639304
160410330,2016-02-10,38.45576138,-122.7264186
160410331,2016-02-10,38.43054545,-122.7110831
160410332,2016-02-10,38.44023055,-122.7145525
160410333,2016-02-10,38.44036347,-122.70283090000001
160410334,2016-02-10,38.47036696,-122.66771969999999
160410335,2016-02-10,38.45576138,-122.7264186
160410336,2016-02-10,38.41786833,-122.7042913
160410337,2016-02-10,38.40026685,-122.7203548
160410338,2016-02-10,38.43466572,-122.71957340000002
160410339,2016-02-10,38.45415504,-122.6983438
160410340,2016-02-10,38.45402786,-122.7264021
160410341,2016-02-10,38.43947287,-122.72536459999999
160410342,2016-02-10,38.43307028,-122.7149396
160410343,2016-02-10,38.45258756,-122.7513351
160410344,2016-02-10,38.43684506,-122.70821090000001
160410345,2016-02-10,38.41679584,-122.72728629999999
160410346,2016-02-10,38.45998363,-122.7346763
160410347,2016-02-10,38.45496838,-122.6721729
160410349,2016-02-10,38.44121202,-122.7123828
160410350,2016-02-10,38.44054251,-122.73767340000002
160410351,2016-02-10,38.44557246,-122.714771
160410352,2016-02-10,38.47971079,-122.7352915
160410353,2016-02-10,38.44315079,-122.75799209999998
160410354,2016-02-10,38.44497343,-122.6730915
160410357,2016-02-10,38.41859032,-122.70370890000001
160410358,2016-02-10,38.39775145,-122.71691129999999
160410359,2016-02-10,38.44302503,-122.7060213
160410360,2016-02-10,38.4267074,-122.7186929
160410361,2016-02-10,38.4339454,-122.69939879999998
160410364,2016-02-10,38.44285521,-122.7017068
160410365,2016-02-10,38.4735336,-122.6614968
160410366,2016-02-10,38.4414286,-122.71379180000001
160410367,2016-02-10,38.45870787,-122.7383884
160410369,2016-02-10,38.44414479,-122.68905910000001
160410370,2016-02-10,38.41515253,-122.7606377
160410371,2016-02-10,38.43665196,-122.71227809999999
160410372,2016-02-10,38.45630368,-122.7593473
160410373,2016-02-10,38.50700851,-122.71895890000002
160410374,2016-02-10,38.45212878,-122.7094213
160410375,2016-02-10,38.44581123,-122.72344869999999
160410376,2016-02-10,38.452966499999995,-122.731721
160410377,2016-02-10,38.4380231,-122.77030900000001
160410378,2016-02-10,38.46306124,-122.64901869999998
160410379,2016-02-10,38.46311909,-122.7182737
160410381,2016-02-10,38.41978431,-122.74225659999999
160410383,2016-02-10,38.41429399,-122.71748640000001
160410384,2016-02-10,38.42851153,-122.745236
160410385,2016-02-10,38.5029044,-122.7519388
160410386,2016-02-10,38.42354054,-122.731278
160410388,2016-02-10,38.452966499999995,-122.731721
160410389,2016-02-10,38.455409499999995,-122.72817260000001
160410391,2016-02-10,38.42703197,-122.6655563
160410393,2016-02-10,38.4453518,-122.70690800000001
160410394,2016-02-10,38.43965855,-122.71341480000001
160410396,2016-02-10,38.46311909,-122.7182737
160410397,2016-02-10,38.42615751,-122.76432009999999
160410399,2016-02-10,38.46415311,-122.7258716
160410400,2016-02-10,38.42637818,-122.7615581
160410401,2016-02-10,38.46311909,-122.7182737
160410403,2016-02-10,38.40186649,-122.71348429999999
160410404,2016-02-10,38.4380231,-122.77030900000001
160410405,2016-02-10,38.45029207,-122.7276695
160410406,2016-02-10,38.42555267,-122.74392350000001
160410407,2016-02-10,38.46421777,-122.72841559999999
160410409,2016-02-10,38.41646107,-122.70881059999999
160410410,2016-02-10,38.44036347,-122.70283090000001
160410412,2016-02-10,38.45974038,-122.7429957
160410413,2016-02-10,38.4379375,-122.7615328
160410414,2016-02-10,38.45402786,-122.7264021
160410415,2016-02-10,38.44389693,-122.708675
160410416,2016-02-10,38.40759323,-122.7366068
160410418,2016-02-10,38.42975173,-122.71133049999999
160410419,2016-02-10,38.43955238,-122.67158059999998
160410420,2016-02-10,38.47536781,-122.7323398
160410423,2016-02-10,38.45906776,-122.6330267
160410424,2016-02-10,38.43163437,-122.76087
160410425,2016-02-10,38.41150745,-122.7376003
160410427,2016-02-10,38.43193924,-122.7196893
160410429,2016-02-10,38.45208274,-122.739943
160410431,2016-02-10,38.43416699,-122.70928390000002
160410432,2016-02-10,38.42546158,-122.6692824
160410433,2016-02-10,38.44558108,-122.73587739999999
160410434,2016-02-10,38.43379484,-122.74240049999999
160410435,2016-02-10,38.44219738,-122.6853675
160410436,2016-02-10,38.41429399,-122.71748640000001
160410437,2016-02-10,38.40561156,-122.71347479999999
160410438,2016-02-10,38.47971181,-122.73813090000002
160410439,2016-02-10,38.41646084,-122.709951
160410440,2016-02-10,38.45761166,-122.71725009999999
160410441,2016-02-10,38.44403502,-122.70426709999998
160410442,2016-02-10,38.43860065,-122.7262751
160410443,2016-02-10,38.46081666,-122.71832040000001
160410444,2016-02-10,38.44572374,-122.72041010000001
160410445,2016-02-10,38.43805776,-122.7211803
160410446,2016-02-10,38.47336914,-122.7541915
160410447,2016-02-10,38.43631819,-122.7561848
160410448,2016-02-10,38.41648924,-122.70742800000001
160410449,2016-02-10,38.44581123,-122.72344869999999
160410450,2016-02-10,38.45336896,-122.717404
160410451,2016-02-10,38.40186649,-122.71348429999999
160410452,2016-02-10,38.4394771,-122.72221869999998
160410453,2016-02-10,38.4414495,-122.7190885
160410454,2016-02-10,38.44564739,-122.7177125
160410455,2016-02-10,38.43143133,-122.71127560000001
160410456,2016-02-10,38.40218648,-122.71088030000001
160410457,2016-02-10,38.44114633,-122.71012549999999
160420001,2016-02-11,38.45258756,-122.7513351
160420002,2016-02-11,38.46311909,-122.7182737
160420003,2016-02-11,38.41333341,-122.7171869
160420004,2016-02-11,38.44403502,-122.70426709999998
160420005,2016-02-11,38.40603452,-122.7274952
160420006,2016-02-11,38.45993819,-122.7267705
160420007,2016-02-11,38.42674234,-122.7430645
160420008,2016-02-11,38.45127443,-122.68738940000001
160420009,2016-02-11,38.44403502,-122.70426709999998
160420010,2016-02-11,38.4776917,-122.74271470000001
160420011,2016-02-11,38.47200718,-122.7381105
160420012,2016-02-11,38.4379375,-122.7615328
160420013,2016-02-11,38.46421777,-122.72841559999999
160420014,2016-02-11,38.46233298,-122.7417378
160420016,2016-02-11,38.43379484,-122.74240049999999
160420017,2016-02-11,38.42984924,-122.74171740000001
160420019,2016-02-11,38.44323563,-122.74667679999999
160420020,2016-02-11,38.42685471,-122.7413163
160420021,2016-02-11,38.47971181,-122.73813090000002
160420022,2016-02-11,38.42372005,-122.73043349999999
160420026,2016-02-11,38.46421777,-122.72841559999999
160420027,2016-02-11,38.44036347,-122.70283090000001
160420029,2016-02-11,38.42685471,-122.7413163
160420030,2016-02-11,38.46489393,-122.75291999999999
160420031,2016-02-11,38.47450289,-122.74934340000001
160420032,2016-02-11,38.44451414,-122.68771240000001
160420033,2016-02-11,38.44306762,-122.7140585
160420034,2016-02-11,38.427921999999995,-122.715473
160420037,2016-02-11,38.43817831,-122.7167402
160420038,2016-02-11,38.45974038,-122.7429957
160420039,2016-02-11,38.46840455,-122.70757859999999
160420042,2016-02-11,38.42417658,-122.753153
160420043,2016-02-11,38.42417658,-122.753153
160420044,2016-02-11,38.42417658,-122.753153
160420045,2016-02-11,38.4617073,-122.7055625
160420046,2016-02-11,38.43750841,-122.72865700000001
160420048,2016-02-11,38.42992011,-122.7476531
160420049,2016-02-11,38.42528066,-122.76247179999999
160420051,2016-02-11,38.41693852,-122.70741940000002
160420052,2016-02-11,38.42992011,-122.7476531
160420053,2016-02-11,38.44581123,-122.72344869999999
160420054,2016-02-11,38.45993819,-122.7267705
160420055,2016-02-11,38.43758314,-122.73158259999998
160420057,2016-02-11,38.45830449,-122.67546259999999
160420058,2016-02-11,38.44114633,-122.71012549999999
160420059,2016-02-11,38.44038228,-122.7161508
160420060,2016-02-11,38.455409499999995,-122.72817260000001
160420064,2016-02-11,38.4453395,-122.7417051
160420065,2016-02-11,38.45496838,-122.6721729
160420066,2016-02-11,38.465901,-122.76785
160420067,2016-02-11,38.444713,-122.665704
160420068,2016-02-11,38.45997829,-122.7406116
160420069,2016-02-11,38.45045002,-122.75132109999998
160420070,2016-02-11,38.44181202,-122.7475528
160420072,2016-02-11,38.43343219,-122.72632890000001
160420073,2016-02-11,38.44171787,-122.73388680000001
160420076,2016-02-11,38.45406102,-122.7340969
160420079,2016-02-11,38.45546474,-122.7379425
160420080,2016-02-11,38.45406102,-122.7340969
160420081,2016-02-11,38.4453518,-122.70690800000001
160420084,2016-02-11,38.48208298,-122.6573175
160420085,2016-02-11,38.45974038,-122.7429957
160420086,2016-02-11,38.42393394,-122.729546
160420087,2016-02-11,38.47473016,-122.6717504
160420088,2016-02-11,38.47330973,-122.67563490000002
160420089,2016-02-11,38.44036347,-122.70283090000001
160420090,2016-02-11,38.4453183,-122.76332409999999
160420093,2016-02-11,38.44876877,-122.67221440000002
160420094,2016-02-11,38.44572374,-122.72041010000001
160420095,2016-02-11,38.43102634,-122.7235509
160420097,2016-02-11,38.40971025,-122.7134884
160420098,2016-02-11,38.47307303,-122.6994196
160420101,2016-02-11,38.43897984,-122.7107765
160420103,2016-02-11,38.44827725,-122.7397233
160420104,2016-02-11,38.41582069,-122.7080223
160420105,2016-02-11,38.44581123,-122.72344869999999
160420106,2016-02-11,38.45647694,-122.70022859999999
160420107,2016-02-11,38.44531078,-122.71774199999999
160420108,2016-02-11,38.44461788,-122.71481670000001
160420111,2016-02-11,38.41646098,-122.7105304
160420112,2016-02-11,38.47176872,-122.67766280000001
160420113,2016-02-11,38.44403502,-122.70426709999998
160420114,2016-02-11,38.44521435,-122.74412579999999
160420115,2016-02-11,38.47297747,-122.72614070000002
160420116,2016-02-11,38.40185186,-122.72326329999999
160420118,2016-02-11,38.46365041,-122.6469298
160420119,2016-02-11,38.40185186,-122.72326329999999
160420120,2016-02-11,38.40183339,-122.7210207
160420121,2016-02-11,38.47585804,-122.72166909999999
160420122,2016-02-11,38.44218988,-122.6079707
160420124,2016-02-11,38.46765625,-122.75731
160420125,2016-02-11,38.45025402,-122.72648290000001
160420127,2016-02-11,38.45255091,-122.77187240000002
160420128,2016-02-11,38.43432937,-122.7181253
160420131,2016-02-11,38.41978431,-122.74225659999999
160420132,2016-02-11,38.43343219,-122.72632890000001
160420135,2016-02-11,38.43876378,-122.7216926
160420136,2016-02-11,38.42621731,-122.76363719999999
160420137,2016-02-11,38.44876549,-122.7265313
160420138,2016-02-11,38.40172352,-122.71088229999998
160420139,2016-02-11,38.44039704,-122.7117999
160420141,2016-02-11,38.42681045,-122.76371929999999
160420142,2016-02-11,38.409234000000005,-122.744983
160420143,2016-02-11,38.455409499999995,-122.72817260000001
160420144,2016-02-11,38.47069863,-122.6476574
160420145,2016-02-11,38.4349256,-122.709445
160420146,2016-02-11,38.42030020000001,-122.71351090000002
160420148,2016-02-11,38.40714799,-122.74012590000001
160420149,2016-02-11,38.43343219,-122.72632890000001
160420150,2016-02-11,38.44114633,-122.71012549999999
160420152,2016-02-11,38.47024813,-122.71729209999998
160420153,2016-02-11,38.42690361,-122.762676
160420155,2016-02-11,38.44046206,-122.7140115
160420156,2016-02-11,38.43855555,-122.7687557
160420157,2016-02-11,38.45533972,-122.7566811
160420159,2016-02-11,38.48000871,-122.67816450000001
160420160,2016-02-11,38.41259774,-122.7380221
160420161,2016-02-11,38.44036347,-122.70283090000001
160420163,2016-02-11,38.43554456,-122.5987374
160420164,2016-02-11,38.40714799,-122.74012590000001
160420165,2016-02-11,38.47543056,-122.7457014
160420166,2016-02-11,38.41333341,-122.7171869
160420167,2016-02-11,38.43919297,-122.6725938
160420169,2016-02-11,38.45301088,-122.70386270000002
160420171,2016-02-11,38.42440358,-122.7637939
160420172,2016-02-11,38.40971025,-122.7134884
160420173,2016-02-11,38.42074574,-122.7457675
160420174,2016-02-11,38.46423828,-122.71643470000001
160420177,2016-02-11,38.45399065,-122.7143909
160420178,2016-02-11,38.4388948,-122.68720800000001
160420179,2016-02-11,38.45993819,-122.7267705
160420181,2016-02-11,38.46409677,-122.67905420000001
160420182,2016-02-11,38.43286531,-122.68910249999999
160420183,2016-02-11,38.42196562,-122.74064990000001
160420184,2016-02-11,38.43477161,-122.7238712
160420185,2016-02-11,38.4330402,-122.664923
160420186,2016-02-11,38.4706443,-122.72981340000001
160420187,2016-02-11,38.44023055,-122.7145525
160420189,2016-02-11,38.449765500000005,-122.7202701
160420190,2016-02-11,38.42546906,-122.670321
160420191,2016-02-11,38.44803856,-122.7224506
160420192,2016-02-11,38.43281994,-122.7562006
160420193,2016-02-11,38.43307028,-122.7149396
160420195,2016-02-11,38.43227698,-122.7114314
160420196,2016-02-11,38.45993819,-122.7267705
160420197,2016-02-11,38.4458612,-122.68794270000001
160420200,2016-02-11,38.45336896,-122.717404
160420201,2016-02-11,38.44036347,-122.70283090000001
160420202,2016-02-11,38.4515494,-122.7174904
160420203,2016-02-11,38.43750841,-122.72865700000001
160420204,2016-02-11,38.4384119,-122.6968065
160420205,2016-02-11,38.40713665,-122.74139550000001
160420206,2016-02-11,38.45154549,-122.67155420000002
160420207,2016-02-11,38.41649031,-122.70427279999998
160420208,2016-02-11,38.47929434,-122.6577925
160420209,2016-02-11,38.43750841,-122.72865700000001
160420210,2016-02-11,38.44379613,-122.706748
160420211,2016-02-11,38.44459034,-122.65299579999999
160420212,2016-02-11,38.45576138,-122.7264186
160420213,2016-02-11,38.44166603,-122.6981038
160420214,2016-02-11,38.40824168,-122.74028249999999
160420215,2016-02-11,38.44459034,-122.65299579999999
160420216,2016-02-11,38.44592197,-122.7283248
160420217,2016-02-11,38.47051345,-122.64238619999999
160420218,2016-02-11,38.45998549,-122.7302449
160420219,2016-02-11,38.48320801,-122.73461189999999
160420220,2016-02-11,38.41333341,-122.7171869
160420221,2016-02-11,38.48320801,-122.73461189999999
160420224,2016-02-11,38.43525419,-122.6859145
160420225,2016-02-11,38.42985492,-122.71425890000002
160420227,2016-02-11,38.427921999999995,-122.715473
160420228,2016-02-11,38.44878675,-122.7289324
160420229,2016-02-11,38.45884356,-122.7326085
160420230,2016-02-11,38.45997829,-122.7406116
160420231,2016-02-11,38.45029799,-122.68860159999998
160420232,2016-02-11,38.44592197,-122.7283248
160420234,2016-02-11,38.44285521,-122.7017068
160420235,2016-02-11,38.44036347,-122.70283090000001
160420236,2016-02-11,38.44420275,-122.6965707
160420237,2016-02-11,38.40971025,-122.7134884
160420238,2016-02-11,38.44046206,-122.7140115
160420239,2016-02-11,38.465888,-122.741677
160420240,2016-02-11,38.46668037,-122.7658226
160420242,2016-02-11,38.42985492,-122.71425890000002
160420243,2016-02-11,38.43991081,-122.7128433
160420244,2016-02-11,38.44577885,-122.72255679999999
160420245,2016-02-11,38.45336896,-122.717404
160420247,2016-02-11,38.42721652,-122.7132107
160420248,2016-02-11,38.44273969,-122.71568059999998
160420249,2016-02-11,38.4414286,-122.71379180000001
160420250,2016-02-11,38.44039704,-122.7117999
160420253,2016-02-11,38.45505537,-122.6463697
160420255,2016-02-11,38.46720043,-122.72433079999999
160420256,2016-02-11,38.43789585,-122.6762431
160420258,2016-02-11,38.44036347,-122.70283090000001
160420259,2016-02-11,38.44875168,-122.72771440000001
160420260,2016-02-11,38.45457188,-122.70935619999999
160420261,2016-02-11,38.455409499999995,-122.72817260000001
160420262,2016-02-11,38.42685471,-122.7413163
160420263,2016-02-11,38.43686353,-122.7010554
160420264,2016-02-11,38.43059702,-122.7253189
160420265,2016-02-11,38.44036347,-122.70283090000001
160420266,2016-02-11,38.453174700000005,-122.75668059999998
160420267,2016-02-11,38.44651221,-122.7575753
160420268,2016-02-11,38.42555267,-122.74392350000001
160420271,2016-02-11,38.45735888,-122.71725579999999
160420272,2016-02-11,38.44654316,-122.6880353
160420273,2016-02-11,38.47297747,-122.72614070000002
160420274,2016-02-11,38.44581123,-122.72344869999999
160420275,2016-02-11,38.4323645,-122.704449
160420276,2016-02-11,38.46505683,-122.65784140000001
160420277,2016-02-11,38.43551493,-122.72242220000001
160420278,2016-02-11,38.44036347,-122.70283090000001
160420279,2016-02-11,38.44292593,-122.70452560000001
160420280,2016-02-11,38.44438735,-122.7246245
160420281,2016-02-11,38.44036347,-122.70283090000001
160420282,2016-02-11,38.4586982,-122.7133148
160420283,2016-02-11,38.44285521,-122.7017068
160420284,2016-02-11,38.45018082,-122.717546
160420285,2016-02-11,38.42973908,-122.7500199
160420286,2016-02-11,38.44866877,-122.71218300000001
160420287,2016-02-11,38.49636772,-122.75186049999999
160420288,2016-02-11,38.42407191,-122.7607243
160420291,2016-02-11,38.45399065,-122.7143909
160420292,2016-02-11,38.43776289,-122.6873821
160420294,2016-02-11,38.44776221,-122.7447372
160420295,2016-02-11,38.42981029,-122.66559709999999
160420296,2016-02-11,38.45993819,-122.7267705
160420297,2016-02-11,38.4280194,-122.70612879999999
160420298,2016-02-11,38.44036347,-122.70283090000001
160420299,2016-02-11,38.43535628,-122.7120801
160420300,2016-02-11,38.44379613,-122.706748
160420302,2016-02-11,38.43665196,-122.71227809999999
160420304,2016-02-11,38.44419411,-122.67626429999999
160420305,2016-02-11,38.44273969,-122.71568059999998
160420309,2016-02-11,38.40603452,-122.7274952
160420310,2016-02-11,38.448475,-122.732201
160420312,2016-02-11,38.47200718,-122.7381105
160420313,2016-02-11,38.43307028,-122.7149396
160420314,2016-02-11,38.45998099,-122.73801110000001
160420316,2016-02-11,38.46599881,-122.7655743
160420317,2016-02-11,38.45875672,-122.7152612
160420318,2016-02-11,38.44214069,-122.7152604
160420319,2016-02-11,38.46172539,-122.7696703
160420320,2016-02-11,38.45758929,-122.7178531
160420321,2016-02-11,38.46489349,-122.66040859999998
160420323,2016-02-11,38.42184665,-122.65430400000001
160420325,2016-02-11,38.44036347,-122.70283090000001
160420326,2016-02-11,38.45998808,-122.73563130000001
160420327,2016-02-11,38.44121202,-122.7123828
160420329,2016-02-11,38.43879551,-122.7084638
160420330,2016-02-11,38.47971181,-122.73813090000002
160420331,2016-02-11,38.45576138,-122.7264186
160420332,2016-02-11,38.4331949,-122.7341129
160420334,2016-02-11,38.45112279999999,-122.69179640000002
160420335,2016-02-11,38.43992913,-122.7193773
160420337,2016-02-11,38.45462508,-122.71193259999998
160420339,2016-02-11,38.43903444,-122.71295049999999
160420340,2016-02-11,38.43799433,-122.70998449999999
160420342,2016-02-11,38.46624529,-122.73264820000001
160420344,2016-02-11,38.45838097,-122.75207179999998
160420345,2016-02-11,38.45462508,-122.71193259999998
160420348,2016-02-11,38.45652477,-122.71560520000001
160420352,2016-02-11,38.41906182,-122.70772959999998
160420353,2016-02-11,38.425103,-122.70460220000001
160420355,2016-02-11,38.44944902,-122.67927390000001
160420356,2016-02-11,38.41248352,-122.7493996
160420359,2016-02-11,38.44121202,-122.7123828
160420360,2016-02-11,38.43587467,-122.71551409999998
160420361,2016-02-11,38.44884277,-122.71759890000001
160420362,2016-02-11,38.42608214,-122.66683090000001
160420363,2016-02-11,38.448475,-122.732201
160420365,2016-02-11,38.46121774,-122.71653300000001
160420367,2016-02-11,38.4612714,-122.74486359999999
160420368,2016-02-11,38.44155811,-122.73775259999998
160420369,2016-02-11,38.43278424,-122.70593799999999
160420370,2016-02-11,38.42662926,-122.70681909999999
160420371,2016-02-11,38.47297747,-122.72614070000002
160420372,2016-02-11,38.45998549,-122.7302449
160420373,2016-02-11,38.44046206,-122.7140115
160420374,2016-02-11,38.48275686,-122.755342
160420375,2016-02-11,38.42426474,-122.7135061
160420376,2016-02-11,38.47473016,-122.6717504
160420377,2016-02-11,38.45993819,-122.7267705
160420379,2016-02-11,38.44350903,-122.6990703
160420380,2016-02-11,38.43460978,-122.71191840000002
160420381,2016-02-11,38.45258756,-122.7513351
160420382,2016-02-11,38.43286531,-122.68910249999999
160420383,2016-02-11,38.49636772,-122.75186049999999
160420384,2016-02-11,38.4222799,-122.7185301
160420385,2016-02-11,38.45991177,-122.7284087
160420386,2016-02-11,38.4410492,-122.74599740000002
160420387,2016-02-11,38.44237622,-122.67834380000001
160420388,2016-02-11,38.45651115,-122.7362721
160420389,2016-02-11,38.44978962,-122.752269
160420390,2016-02-11,38.44449858,-122.710939
160420391,2016-02-11,38.41518155,-122.7135236
160420392,2016-02-11,38.43459246,-122.7119232
160420395,2016-02-11,38.44583859,-122.72975729999999
160420396,2016-02-11,38.43372932,-122.7286318
160420397,2016-02-11,38.46505778,-122.71938200000001
160420398,2016-02-11,38.45154944,-122.66967520000001
160420399,2016-02-11,38.45154944,-122.66967520000001
160420400,2016-02-11,38.45154944,-122.66967520000001
160420401,2016-02-11,38.46818552,-122.72432169999999
160420402,2016-02-11,38.434957399999995,-122.6823515
160420403,2016-02-11,38.43525419,-122.6859145
160420404,2016-02-11,38.46421777,-122.72841559999999
160420405,2016-02-11,38.44283969,-122.67294270000001
160420406,2016-02-11,38.44342133,-122.72461470000002
160420407,2016-02-11,38.42030020000001,-122.71351090000002
160420408,2016-02-11,38.44036347,-122.70283090000001
160420409,2016-02-11,38.45976608,-122.7503459
160420410,2016-02-11,38.413219700000006,-122.7135365
160420411,2016-02-11,38.47296012,-122.74718390000001
160420412,2016-02-11,38.413219700000006,-122.7135365
160430001,2016-02-12,38.44350903,-122.6990703
160430003,2016-02-12,38.43382248,-122.71176990000001
160430004,2016-02-12,38.46407172,-122.64334009999999
160430005,2016-02-12,38.46873386,-122.74485390000001
160430006,2016-02-12,38.47940097,-122.75786550000001
160430008,2016-02-12,38.4617073,-122.7055625
160430009,2016-02-12,38.45576138,-122.7264186
160430010,2016-02-12,38.46489393,-122.75291999999999
160430011,2016-02-12,38.44285521,-122.7017068
160430012,2016-02-12,38.44581123,-122.72344869999999
160430013,2016-02-12,38.44589407,-122.726646
160430014,2016-02-12,38.43800415,-122.7669201
160430015,2016-02-12,38.46505778,-122.71938200000001
160430016,2016-02-12,38.45880608,-122.717197
160430018,2016-02-12,38.40186649,-122.71348429999999
160430019,2016-02-12,38.47557732,-122.7194132
160430020,2016-02-12,38.43406807,-122.7047886
160430022,2016-02-12,38.43932824,-122.72045349999999
160430023,2016-02-12,38.46146828,-122.72371299999999
160430025,2016-02-12,38.41696837,-122.7058154
160430027,2016-02-12,38.43372932,-122.7286318
160430028,2016-02-12,38.48064067,-122.726524
160430029,2016-02-12,38.46840455,-122.70757859999999
160430030,2016-02-12,38.45490251,-122.7696699
160430031,2016-02-12,38.45139743,-122.67436140000001
160430032,2016-02-12,38.44564739,-122.7177125
160430033,2016-02-12,38.46505778,-122.71938200000001
160430034,2016-02-12,38.4414495,-122.7190885
160430035,2016-02-12,38.4190005,-122.6956732
160430037,2016-02-12,38.44668339,-122.7177146
160430038,2016-02-12,38.42646725,-122.7212652
160430039,2016-02-12,38.46505778,-122.71938200000001
160430040,2016-02-12,38.43930724,-122.7225804
160430041,2016-02-12,38.43903444,-122.71295049999999
160430042,2016-02-12,38.45018082,-122.717546
160430043,2016-02-12,38.4515494,-122.7174904
160430045,2016-02-12,38.44285521,-122.7017068
160430046,2016-02-12,38.46210603,-122.74463030000001
160430047,2016-02-12,38.47148370000001,-122.73962809999999
160430048,2016-02-12,38.44876877,-122.67221440000002
160430049,2016-02-12,38.48073660000001,-122.7585338
160430050,2016-02-12,38.44350722,-122.6733384
160430051,2016-02-12,38.42372005,-122.73043349999999
160430052,2016-02-12,38.4101323,-122.73524209999998
160430053,2016-02-12,38.43860671,-122.74301200000001
160430054,2016-02-12,38.45863202,-122.6693578
160430057,2016-02-12,38.44079665,-122.70127109999999
160430058,2016-02-12,38.42674234,-122.7430645
160430060,2016-02-12,38.4337195,-122.7064574
160430061,2016-02-12,38.45909335,-122.71717520000001
160430063,2016-02-12,38.44169796,-122.7328239
160430064,2016-02-12,38.4076149,-122.7294369
160430065,2016-02-12,38.46153765,-122.70994640000002
160430067,2016-02-12,38.46121774,-122.71653300000001
160430068,2016-02-12,38.43872041,-122.74302990000001
160430069,2016-02-12,38.43903444,-122.71295049999999
160430070,2016-02-12,38.46709833,-122.7512155
160430071,2016-02-12,38.40172352,-122.71088229999998
160430072,2016-02-12,38.48117583,-122.7487067
160430073,2016-02-12,38.42207554,-122.84610759999998
160430074,2016-02-12,38.47970235,-122.73446640000002
160430075,2016-02-12,38.42205332,-122.72923259999999
160430077,2016-02-12,38.47823005,-122.7508268
160430078,2016-02-12,38.4421805,-122.706061
160430079,2016-02-12,38.45045002,-122.75132109999998
160430080,2016-02-12,38.46790152,-122.74753259999999
160430081,2016-02-12,38.4335226,-122.7642543
160430082,2016-02-12,38.47971264,-122.74219690000001
160430083,2016-02-12,38.45258756,-122.7513351
160430084,2016-02-12,38.45366688,-122.76160130000001
160430085,2016-02-12,38.45108534,-122.7550332
160430086,2016-02-12,38.44562427,-122.7160877
160430087,2016-02-12,38.44554349,-122.71352350000001
160430088,2016-02-12,38.43217965,-122.67313600000001
160430089,2016-02-12,38.47138629,-122.6629798
160430090,2016-02-12,38.46919178,-122.72937320000001
160430091,2016-02-12,38.46460881,-122.7389412
160430092,2016-02-12,38.44285521,-122.7017068
160430093,2016-02-12,38.46498999,-122.6559413
160430094,2016-02-12,38.47366415,-122.7332023
160430095,2016-02-12,38.44420275,-122.6965707
160430096,2016-02-12,38.44036347,-122.70283090000001
160430097,2016-02-12,38.45576138,-122.7264186
160430098,2016-02-12,38.42697318,-122.76163249999999
160430099,2016-02-12,38.44285521,-122.7017068
160430100,2016-02-12,38.46146828,-122.72371299999999
160430102,2016-02-12,38.46434751,-122.6467949
160430104,2016-02-12,38.44751126,-122.76564599999999
160430105,2016-02-12,38.43469225,-122.7029966
160430106,2016-02-12,38.45154549,-122.67155420000002
160430107,2016-02-12,38.46296651,-122.7164774
160430108,2016-02-12,38.46948127,-122.7563119
160430109,2016-02-12,38.44438735,-122.7246245
160430110,2016-02-12,38.46153765,-122.70994640000002
160430112,2016-02-12,38.42386438,-122.7081955
160430113,2016-02-12,38.41429693,-122.74289240000002
160430114,2016-02-12,38.44438735,-122.7246245
160430115,2016-02-12,38.44036347,-122.70283090000001
160430116,2016-02-12,38.42637818,-122.7615581
160430119,2016-02-12,38.45997246,-122.72571909999999
160430120,2016-02-12,38.4414495,-122.7190885
160430121,2016-02-12,38.45258756,-122.7513351
160430122,2016-02-12,38.44036347,-122.70283090000001
160430123,2016-02-12,38.465888,-122.741677
160430124,2016-02-12,38.43758666,-122.67766670000002
160430125,2016-02-12,38.45907321,-122.74300819999999
160430126,2016-02-12,38.43769194,-122.68804469999999
160430127,2016-02-12,38.45254856,-122.7696375
160430128,2016-02-12,38.44036347,-122.70283090000001
160430129,2016-02-12,38.45154549,-122.67155420000002
160430130,2016-02-12,38.46081666,-122.71832040000001
160430131,2016-02-12,38.42819163,-122.66955420000001
160430133,2016-02-12,38.44939856,-122.6699683
160430135,2016-02-12,38.43634092,-122.6964894
160430136,2016-02-12,38.42739284,-122.71183359999999
160430137,2016-02-12,38.45997829,-122.7406116
160430138,2016-02-12,38.46923636,-122.72199540000001
160430140,2016-02-12,38.40185186,-122.72326329999999
160430141,2016-02-12,38.43853012,-122.7337009
160430142,2016-02-12,38.42721652,-122.7132107
160430143,2016-02-12,38.46365041,-122.6469298
160430144,2016-02-12,38.4476302,-122.7095735
160430146,2016-02-12,38.46545044,-122.7224179
160430148,2016-02-12,38.45938071,-122.73149309999998
160430149,2016-02-12,38.42066924,-122.71856149999999
160430150,2016-02-12,38.4419527,-122.7107402
160430151,2016-02-12,38.46840455,-122.70757859999999
160430153,2016-02-12,38.42393394,-122.729546
160430154,2016-02-12,38.47091605,-122.74568159999998
160430155,2016-02-12,38.43723872,-122.70664579999999
160430156,2016-02-12,38.44036347,-122.70283090000001
160430157,2016-02-12,38.4379375,-122.7615328
160430158,2016-02-12,38.439681,-122.6029098
160430159,2016-02-12,38.41211271,-122.74136740000002
160430160,2016-02-12,38.45938071,-122.73149309999998
160430161,2016-02-12,38.43800758,-122.76873909999998
160430162,2016-02-12,38.45597786,-122.73711570000002
160430163,2016-02-12,38.44351505,-122.7037485
160430164,2016-02-12,38.43861178,-122.73466770000002
160430165,2016-02-12,38.46331595,-122.6749892
160430167,2016-02-12,38.45259224,-122.74625209999999
160430168,2016-02-12,38.46081666,-122.71832040000001
160430170,2016-02-12,38.42948346,-122.7173832
160430171,2016-02-12,38.41649031,-122.70427279999998
160430172,2016-02-12,38.44491314,-122.7072841
160430173,2016-02-12,38.47069003,-122.6551645
160430174,2016-02-12,38.45912349,-122.6654241
160430175,2016-02-12,38.42866101,-122.74153390000002
160430176,2016-02-12,38.42325793,-122.81068909999998
160430178,2016-02-12,38.46854539,-122.710472
160430180,2016-02-12,38.42184665,-122.65430400000001
160430181,2016-02-12,38.47543764,-122.7261473
160430182,2016-02-12,38.46286679999999,-122.65769440000001
160430183,2016-02-12,38.45250293,-122.695923
160430184,2016-02-12,38.45884356,-122.7326085
160430185,2016-02-12,38.44039704,-122.7117999
160430186,2016-02-12,38.45991177,-122.7284087
160430187,2016-02-12,38.44285521,-122.7017068
160430188,2016-02-12,38.464118,-122.72433000000001
160430189,2016-02-12,38.44028615,-122.66454509999998
160430190,2016-02-12,38.46421777,-122.72841559999999
160430191,2016-02-12,38.43292376,-122.7225394
160430193,2016-02-12,38.42473645,-122.7087034
160430195,2016-02-12,38.46421777,-122.72841559999999
160430196,2016-02-12,38.46153765,-122.70994640000002
160430198,2016-02-12,38.45336896,-122.717404
160430199,2016-02-12,38.41480879,-122.7590324
160430200,2016-02-12,38.43281994,-122.7562006
160430202,2016-02-12,38.46206241,-122.6821841
160430203,2016-02-12,38.46912427,-122.7326346
160430204,2016-02-12,38.46499934,-122.73263840000001
160430205,2016-02-12,38.46484878,-122.67379469999999
160430206,2016-02-12,38.43965855,-122.71341480000001
160430207,2016-02-12,38.46550281,-122.71448899999999
160430209,2016-02-12,38.45399065,-122.7143909
160430210,2016-02-12,38.46605759,-122.6807997
160430211,2016-02-12,38.42197193,-122.7103328
160430212,2016-02-12,38.44547587,-122.7383189
160430213,2016-02-12,38.44558108,-122.73587739999999
160430214,2016-02-12,38.43507143,-122.74134540000001
160430215,2016-02-12,38.46919178,-122.72937320000001
160430216,2016-02-12,38.46101047,-122.71060890000001
160430217,2016-02-12,38.45258756,-122.7513351
160430218,2016-02-12,38.44315547,-122.7081412
160430219,2016-02-12,38.41442702,-122.7194817
160430220,2016-02-12,38.43324786,-122.6835374
160430221,2016-02-12,38.452966499999995,-122.731721
160430222,2016-02-12,38.45731191,-122.7696567
160430223,2016-02-12,38.44161484,-122.7289686
160430226,2016-02-12,38.43101245,-122.7093524
160430227,2016-02-12,38.438010799999994,-122.71948130000001
160430229,2016-02-12,38.45433711,-122.6339875
160430230,2016-02-12,38.41992838,-122.74458670000001
160430231,2016-02-12,38.41998491,-122.7661094
160430233,2016-02-12,38.46423828,-122.71643470000001
160430234,2016-02-12,38.47254938,-122.73435090000001
160430237,2016-02-12,38.46286679999999,-122.65769440000001
160430238,2016-02-12,38.4380231,-122.77030900000001
160430239,2016-02-12,38.44165364,-122.7306304
160430240,2016-02-12,38.43665196,-122.71227809999999
160430241,2016-02-12,38.42777208,-122.76104099999999
160430243,2016-02-12,38.41646107,-122.70881059999999
160430244,2016-02-12,38.47203079,-122.7325019
160430245,2016-02-12,38.45956577,-122.7190646
160430246,2016-02-12,38.41992838,-122.74458670000001
160430247,2016-02-12,38.45884356,-122.7326085
160430249,2016-02-12,38.41878513,-122.6637621
160430251,2016-02-12,38.45938071,-122.73149309999998
160430254,2016-02-12,38.47303669,-122.76481229999999
160430255,2016-02-12,38.45605761,-122.75662240000001
160430256,2016-02-12,38.43142652,-122.769687
160430260,2016-02-12,38.44521652,-122.74903090000001
160430261,2016-02-12,38.43070629,-122.7637387
160430262,2016-02-12,38.44471579,-122.7598057
160430263,2016-02-12,38.47247575,-122.7306991
160430264,2016-02-12,38.46236464,-122.7540193
160430266,2016-02-12,38.44524539,-122.75437520000001
160430271,2016-02-12,38.43102634,-122.7235509
160430272,2016-02-12,38.42685471,-122.7413163
160430273,2016-02-12,38.45880608,-122.717197
160430274,2016-02-12,38.44121202,-122.7123828
160430276,2016-02-12,38.40183589,-122.7198058
160430278,2016-02-12,38.45991177,-122.7284087
160430279,2016-02-12,38.471044,-122.66767
160430282,2016-02-12,38.44750245,-122.70091869999999
160430283,2016-02-12,38.46421777,-122.72841559999999
160430284,2016-02-12,38.46317975,-122.7446453
160430285,2016-02-12,38.45730241,-122.6712994
160430286,2016-02-12,38.41429399,-122.71748640000001
160430287,2016-02-12,38.44036347,-122.70283090000001
160430288,2016-02-12,38.46311909,-122.7182737
160430292,2016-02-12,38.43876378,-122.7216926
160430293,2016-02-12,38.44543107,-122.7040926
160430295,2016-02-12,38.43840614,-122.7225159
160430296,2016-02-12,38.43323996,-122.6990088
160430297,2016-02-12,38.42677371,-122.7178509
160430298,2016-02-12,38.48958839,-122.6953155
160430299,2016-02-12,38.44206222,-122.71239409999998
160430300,2016-02-12,38.46286679999999,-122.65769440000001
160430301,2016-02-12,38.44107108,-122.7002737
160430302,2016-02-12,38.44036347,-122.70283090000001
160430303,2016-02-12,38.46563068,-122.7512033
160430309,2016-02-12,38.483771999999995,-122.69054209999999
160430311,2016-02-12,38.43137011,-122.70806520000001
160430312,2016-02-12,38.43294769,-122.7445656
160430313,2016-02-12,38.43971531,-122.71565840000001
160430314,2016-02-12,38.416461,-122.699795
160430316,2016-02-12,38.43516241,-122.68761950000001
160430317,2016-02-12,38.47455094,-122.7381111
160430319,2016-02-12,38.44441439,-122.68544709999999
160430320,2016-02-12,38.4706443,-122.72981340000001
160430322,2016-02-12,38.42674234,-122.7430645
160430324,2016-02-12,38.45873641,-122.67438670000001
160430325,2016-02-12,38.43903444,-122.71295049999999
160430326,2016-02-12,38.46840455,-122.70757859999999
160430327,2016-02-12,38.44564739,-122.7177125
160430328,2016-02-12,38.45453356,-122.7393845
160430329,2016-02-12,38.43955238,-122.67158059999998
160430330,2016-02-12,38.44036347,-122.70283090000001
160430331,2016-02-12,38.412440600000004,-122.71658559999999
160430333,2016-02-12,38.44543107,-122.7040926
160430335,2016-02-12,38.45454019,-122.73699180000001
160430336,2016-02-12,38.41728524,-122.6914179
160430337,2016-02-12,38.44110696,-122.71449820000001
160430338,2016-02-12,38.46383244,-122.6649856
160430339,2016-02-12,38.44835078,-122.70819499999999
160430341,2016-02-12,38.45803531,-122.6729237
160430342,2016-02-12,38.47153982,-122.6587392
160430343,2016-02-12,38.42757228,-122.7073644
160430344,2016-02-12,38.41518155,-122.7135236
160430345,2016-02-12,38.45612047,-122.72569250000001
160430346,2016-02-12,38.47827155,-122.7161967
160430347,2016-02-12,38.41518155,-122.7135236
160430348,2016-02-12,38.41648379,-122.6977423
160430349,2016-02-12,38.46912427,-122.7326346
160430351,2016-02-12,38.44350722,-122.6733384
160430352,2016-02-12,38.44786482,-122.75745659999998
160430354,2016-02-12,38.45974195,-122.7464246
160430355,2016-02-12,38.44038228,-122.7161508
160430356,2016-02-12,38.44046206,-122.7140115
160430358,2016-02-12,38.42168443,-122.7159514
160430359,2016-02-12,38.46317975,-122.7446453
160430360,2016-02-12,38.40971025,-122.7134884
160430361,2016-02-12,38.43991081,-122.7128433
160430364,2016-02-12,38.46101047,-122.71060890000001
160430365,2016-02-12,38.48315547,-122.6628004
160430366,2016-02-12,38.45651115,-122.7362721
160430367,2016-02-12,38.4769284,-122.75940420000002
160430368,2016-02-12,38.4346687,-122.71825890000001
160430369,2016-02-12,38.4414495,-122.7190885
160430370,2016-02-12,38.4649157,-122.6533696
160430371,2016-02-12,38.43723872,-122.70664579999999
160430372,2016-02-12,38.41211271,-122.74136740000002
160430373,2016-02-12,38.45969611,-122.67267859999998
160430374,2016-02-12,38.4101323,-122.73524209999998
160430376,2016-02-12,38.42331571,-122.7000716
160430377,2016-02-12,38.44024639,-122.5825606
160430378,2016-02-12,38.40674665,-122.71640320000002
160430379,2016-02-12,38.47040076,-122.71235559999998
160430380,2016-02-12,38.4222799,-122.7185301
160430381,2016-02-12,38.45597786,-122.73711570000002
160430383,2016-02-12,38.45870787,-122.7383884
160430384,2016-02-12,38.42685471,-122.7413163
160430385,2016-02-12,38.4453395,-122.7417051
160430387,2016-02-12,38.44705308,-122.72893190000002
160440001,2016-02-13,38.44046206,-122.7140115
160440002,2016-02-13,38.42738299,-122.69244409999999
160440003,2016-02-13,38.42643026,-122.76087379999998
160440004,2016-02-13,38.49782829,-122.7536528
160440005,2016-02-13,38.42869339,-122.7107166
160440006,2016-02-13,38.44023055,-122.7145525
160440008,2016-02-13,38.45884356,-122.7326085
160440010,2016-02-13,38.45453356,-122.7393845
160440011,2016-02-13,38.43971531,-122.71565840000001
160440012,2016-02-13,38.46505778,-122.71938200000001
160440013,2016-02-13,38.40182761,-122.74145990000001
160440014,2016-02-13,38.46361627,-122.7417138
160440015,2016-02-13,38.44285521,-122.7017068
160440017,2016-02-13,38.43894087,-122.71507849999999
160440018,2016-02-13,38.43971531,-122.71565840000001
160440019,2016-02-13,38.46233298,-122.7417378
160440020,2016-02-13,38.42674234,-122.7430645
160440021,2016-02-13,38.46563068,-122.7512033
160440022,2016-02-13,38.46421777,-122.72841559999999
160440023,2016-02-13,38.42858737,-122.72693600000001
160440025,2016-02-13,38.43657615,-122.72009369999999
160440026,2016-02-13,38.45336896,-122.717404
160440027,2016-02-13,38.4410492,-122.74599740000002
160440028,2016-02-13,38.42535996,-122.761453
160440029,2016-02-13,38.432281,-122.7364231
160440031,2016-02-13,38.43991081,-122.7128433
160440033,2016-02-13,38.42824412,-122.7353723
160440034,2016-02-13,38.44023055,-122.7145525
160440035,2016-02-13,38.46790152,-122.74753259999999
160440036,2016-02-13,38.44531673,-122.7584992
160440037,2016-02-13,38.44054251,-122.73767340000002
160440038,2016-02-13,38.4642155,-122.7302291
160440039,2016-02-13,38.45366761,-122.76249009999998
160440040,2016-02-13,38.44583528,-122.7245675
160440041,2016-02-13,38.40182539999999,-122.7267889
160440042,2016-02-13,38.46709833,-122.7512155
160440043,2016-02-13,38.45737181,-122.74114840000001
160440044,2016-02-13,38.44292593,-122.70452560000001
160440045,2016-02-13,38.43519318,-122.70728030000001
160440046,2016-02-13,38.40182539999999,-122.7267889
160440047,2016-02-13,38.45029799,-122.68860159999998
160440048,2016-02-13,38.44036347,-122.70283090000001
160440049,2016-02-13,38.46383244,-122.6649856
160440050,2016-02-13,38.42393394,-122.729546
160440052,2016-02-13,38.40824168,-122.74028249999999
160440054,2016-02-13,38.44972,-122.68848009999999
160440055,2016-02-13,38.48374729,-122.71226850000001
160440056,2016-02-13,38.44562427,-122.7160877
160440058,2016-02-13,38.44285521,-122.7017068
160440059,2016-02-13,38.43731965,-122.7248617
160440060,2016-02-13,38.45998549,-122.7302449
160440061,2016-02-13,38.42866101,-122.74153390000002
160440062,2016-02-13,38.44972,-122.68848009999999
160440064,2016-02-13,38.44079665,-122.70127109999999
160440065,2016-02-13,38.42426474,-122.7135061
160440067,2016-02-13,38.4640649,-122.737472
160440068,2016-02-13,38.43834029,-122.672678
160440069,2016-02-13,38.41998491,-122.7661094
160440070,2016-02-13,38.45154944,-122.66967520000001
160440071,2016-02-13,38.44490192,-122.72260390000001
160440073,2016-02-13,38.44053199,-122.70968880000001
160440074,2016-02-13,38.43991081,-122.7128433
160440075,2016-02-13,38.42441393,-122.7066315
160440076,2016-02-13,38.44036347,-122.70283090000001
160440077,2016-02-13,38.45258756,-122.7513351
160440078,2016-02-13,38.46311909,-122.7182737
160440079,2016-02-13,38.46421777,-122.72841559999999
160440080,2016-02-13,38.44281473,-122.7147959
160440081,2016-02-13,38.43402241,-122.68804750000001
160440082,2016-02-13,38.44843113,-122.69633999999999
160440083,2016-02-13,38.44036347,-122.70283090000001
160440084,2016-02-13,38.46421777,-122.72841559999999
160440085,2016-02-13,38.46311909,-122.7182737
160440086,2016-02-13,38.43243269,-122.7709328
160440087,2016-02-13,38.42342681,-122.6938162
160440088,2016-02-13,38.41237667,-122.7362325
160440089,2016-02-13,38.45108534,-122.7550332
160440090,2016-02-13,38.44036347,-122.70283090000001
160440092,2016-02-13,38.40392255,-122.713475
160440093,2016-02-13,38.44524539,-122.75437520000001
160440094,2016-02-13,38.47649064,-122.6573244
160440095,2016-02-13,38.44036347,-122.70283090000001
160440097,2016-02-13,38.4612323,-122.75001129999998
160440098,2016-02-13,38.46383244,-122.6649856
160440099,2016-02-13,38.44441439,-122.68544709999999
160440100,2016-02-13,38.46840455,-122.70757859999999
160440101,2016-02-13,38.43876378,-122.7216926
160440102,2016-02-13,38.40392255,-122.713475
160440103,2016-02-13,38.43705227,-122.69141359999999
160440105,2016-02-13,38.47756248,-122.74886550000001
160440106,2016-02-13,38.44036347,-122.70283090000001
160440107,2016-02-13,38.45546474,-122.7379425
160440108,2016-02-13,38.4706443,-122.72981340000001
160440109,2016-02-13,38.4333222,-122.7138068
160440110,2016-02-13,38.44583859,-122.72975729999999
160440111,2016-02-13,38.44197802,-122.71732620000002
160440112,2016-02-13,38.43541921,-122.7277581
160440113,2016-02-13,38.44557246,-122.714771
160440114,2016-02-13,38.42739284,-122.71183359999999
160440115,2016-02-13,38.45991177,-122.7284087
160440117,2016-02-13,38.42808306,-122.70916650000001
160440118,2016-02-13,38.43139518,-122.76384070000002
160440119,2016-02-13,38.45998531,-122.7350344
160440120,2016-02-13,38.41618927,-122.71351899999999
160440121,2016-02-13,38.44865669,-122.75777099999999
160440123,2016-02-13,38.43980197,-122.6853689
160440124,2016-02-13,38.44564842,-122.6681094
160440125,2016-02-13,38.4649157,-122.6533696
160440127,2016-02-13,38.44502508,-122.69620630000001
160440128,2016-02-13,38.44036347,-122.70283090000001
160440129,2016-02-13,38.44173424,-122.68725659999998
160440130,2016-02-13,38.44036347,-122.70283090000001
160440131,2016-02-13,38.45611706,-122.6824788
160440133,2016-02-13,38.44054251,-122.73767340000002
160440134,2016-02-13,38.43876378,-122.7216926
160440135,2016-02-13,38.40185186,-122.72326329999999
160440137,2016-02-13,38.45865687,-122.70856850000001
160440138,2016-02-13,38.46709833,-122.7512155
160440139,2016-02-13,38.43338422,-122.70911609999999
160440140,2016-02-13,38.46101047,-122.71060890000001
160440142,2016-02-13,38.43379484,-122.74240049999999
160440143,2016-02-13,38.44114633,-122.71012549999999
160440144,2016-02-13,38.44121202,-122.7123828
160440145,2016-02-13,38.45762,-122.67654309999999
160440146,2016-02-13,38.4414286,-122.71379180000001
160440147,2016-02-13,38.45993819,-122.7267705
160440148,2016-02-13,38.4642155,-122.7302291
160440149,2016-02-13,38.44679807,-122.72251200000001
160440150,2016-02-13,38.43714457,-122.7188627
160440151,2016-02-13,38.46421777,-122.72841559999999
160440152,2016-02-13,38.43294769,-122.7445656
160440153,2016-02-13,38.44302503,-122.7060213
160440154,2016-02-13,38.40285384,-122.71347800000001
160440156,2016-02-13,38.43805776,-122.7211803
160440157,2016-02-13,38.44441439,-122.68544709999999
160440158,2016-02-13,38.44281473,-122.7147959
160440159,2016-02-13,38.42120417,-122.71350090000001
160440160,2016-02-13,38.47335547,-122.7328436
160440161,2016-02-13,38.4410738,-122.66139890000001
160440162,2016-02-13,38.41164352,-122.73429080000001
160440163,2016-02-13,38.41309348,-122.7409869
160440164,2016-02-13,38.43606599,-122.7451718
160440165,2016-02-13,38.4267074,-122.7186929
160440166,2016-02-13,38.49297839,-122.69703229999999
160440168,2016-02-13,38.42965398,-122.7158453
160440169,2016-02-13,38.44072571,-122.71343290000002
160440170,2016-02-13,38.43750423,-122.71239140000002
160440171,2016-02-13,38.43118849,-122.72284590000001
160440172,2016-02-13,38.45112279999999,-122.69179640000002
160440173,2016-02-13,38.47148370000001,-122.73962809999999
160440174,2016-02-13,38.48232703,-122.71457209999998
160440176,2016-02-13,38.42851153,-122.745236
160440177,2016-02-13,38.48100024,-122.7048521
160440178,2016-02-13,38.44036347,-122.70283090000001
160440179,2016-02-13,38.44306762,-122.7140585
160440180,2016-02-13,38.42393394,-122.729546
160440181,2016-02-13,38.43372932,-122.7286318
160440183,2016-02-13,38.42693756,-122.72858490000002
160440185,2016-02-13,38.45258756,-122.7513351
160440186,2016-02-13,38.46483701,-122.74657009999999
160440187,2016-02-13,38.42393394,-122.729546
160440188,2016-02-13,38.413219700000006,-122.7135365
160440189,2016-02-13,38.40908526,-122.72937809999999
160440190,2016-02-13,38.47200718,-122.7381105
160440191,2016-02-13,38.46469778,-122.6612372
160440192,2016-02-13,38.42984924,-122.74171740000001
160440193,2016-02-13,38.45402786,-122.7264021
160440194,2016-02-13,38.44173424,-122.68725659999998
160440196,2016-02-13,38.44340813,-122.7323483
160440197,2016-02-13,38.45067425,-122.62322859999999
160440198,2016-02-13,38.43406067,-122.7192558
160440199,2016-02-13,38.44865669,-122.75777099999999
160440200,2016-02-13,38.44155811,-122.73775259999998
160440201,2016-02-13,38.42685471,-122.7413163
160440202,2016-02-13,38.40971025,-122.7134884
160440203,2016-02-13,38.45025402,-122.72648290000001
160440204,2016-02-13,38.48345204,-122.6912483
160440205,2016-02-13,38.40476287,-122.7294371
160440206,2016-02-13,38.41222020000001,-122.7458903
160440207,2016-02-13,38.438010799999994,-122.71948130000001
160440208,2016-02-13,38.4271321,-122.708615
160440209,2016-02-13,38.41309348,-122.7409869
160440210,2016-02-13,38.41429399,-122.71748640000001
160440212,2016-02-13,38.44121202,-122.7123828
160440213,2016-02-13,38.4706443,-122.72981340000001
160440214,2016-02-13,38.46662813,-122.7430045
160440215,2016-02-13,38.41205896,-122.74207220000001
160440216,2016-02-13,38.45998549,-122.7302449
160440217,2016-02-13,38.46911581,-122.73471
160440218,2016-02-13,38.44474263,-122.70504150000001
160440219,2016-02-13,38.44046206,-122.7140115
160440220,2016-02-13,38.47335547,-122.7328436
160440223,2016-02-13,38.46993923,-122.6999422
160440224,2016-02-13,38.43412344,-122.72660729999998
160440225,2016-02-13,38.42120417,-122.71350090000001
160440226,2016-02-13,38.42677371,-122.7178509
160440227,2016-02-13,38.44036347,-122.70283090000001
160440228,2016-02-13,38.44951396,-122.7435967
160440229,2016-02-13,38.45993819,-122.7267705
160440230,2016-02-13,38.43805776,-122.7211803
160440231,2016-02-13,38.45993819,-122.7267705
160440232,2016-02-13,38.41775298,-122.7390436
160440234,2016-02-13,38.43879551,-122.7084638
160440235,2016-02-13,38.43059702,-122.7253189
160440236,2016-02-13,38.44046206,-122.7140115
160440238,2016-02-13,38.42674234,-122.7430645
160440239,2016-02-13,38.43776285,-122.7142084
160440240,2016-02-13,38.42490755,-122.74395849999999
160440241,2016-02-13,38.45134906,-122.6763227
160440243,2016-02-13,38.46132246,-122.6679426
160440244,2016-02-13,38.43033883,-122.7175395
160440245,2016-02-13,38.62631279,-122.66492690000001
160440246,2016-02-13,38.42196562,-122.74064990000001
160440247,2016-02-13,38.44165364,-122.7306304
160440248,2016-02-13,38.43263618,-122.7260264
160440249,2016-02-13,38.43059702,-122.7253189
160440250,2016-02-13,38.44389693,-122.708675
160440251,2016-02-13,38.45029799,-122.68860159999998
160440252,2016-02-13,38.45884356,-122.7326085
160440253,2016-02-13,38.45997358,-122.73261799999999
160440254,2016-02-13,38.4380231,-122.77030900000001
160440255,2016-02-13,38.42030020000001,-122.71351090000002
160440256,2016-02-13,38.44036347,-122.70283090000001
160440257,2016-02-13,38.42168443,-122.7159514
160440260,2016-02-13,38.44036347,-122.70283090000001
160440261,2016-02-13,38.46505683,-122.65784140000001
160440262,2016-02-13,38.41602702,-122.73996770000001
160440263,2016-02-13,38.43752562,-122.6722124
160440264,2016-02-13,38.41602702,-122.73996770000001
160440265,2016-02-13,38.46205641,-122.71894850000001
160440266,2016-02-13,38.47496921,-122.6745622
160440267,2016-02-13,38.46311909,-122.7182737
160440268,2016-02-13,38.43382248,-122.71176990000001
160440269,2016-02-13,38.44403728,-122.768755
160440270,2016-02-13,38.45255814,-122.76447749999998
160440271,2016-02-13,38.452966499999995,-122.731721
160440272,2016-02-13,38.44363803,-122.721861
160440273,2016-02-13,38.43800415,-122.7669201
160440274,2016-02-13,38.44315079,-122.75799209999998
160440275,2016-02-13,38.44036347,-122.70283090000001
160440276,2016-02-13,38.44046206,-122.7140115
160440277,2016-02-13,38.49571186,-122.72011
160440278,2016-02-13,38.43004583,-122.7126188
160440281,2016-02-13,38.42978491,-122.72890819999999
160440282,2016-02-13,38.43879551,-122.7084638
160440284,2016-02-13,38.44162603,-122.6982486
160440285,2016-02-13,38.45791624,-122.76456019999999
160440287,2016-02-13,38.43101769,-122.7607935
160440288,2016-02-13,38.43307028,-122.7149396
160440289,2016-02-13,38.43805776,-122.7211803
160440290,2016-02-13,38.433329,-122.735665
160440291,2016-02-13,38.43150375,-122.68053020000002
160440293,2016-02-13,38.46311909,-122.7182737
160440294,2016-02-13,38.4179043,-122.74303529999999
160440295,2016-02-13,38.44023739,-122.598523
160440297,2016-02-13,38.4453395,-122.7417051
160440300,2016-02-13,38.46101047,-122.71060890000001
160440301,2016-02-13,38.44751446,-122.7696459
160440302,2016-02-13,38.41646084,-122.709951
160440306,2016-02-13,38.44036347,-122.70283090000001
160440307,2016-02-13,38.46505778,-122.71938200000001
160440309,2016-02-13,38.427921999999995,-122.715473
160440311,2016-02-13,38.45255814,-122.76447749999998
160440312,2016-02-13,38.45991177,-122.7284087
160440313,2016-02-13,38.41644952,-122.7135188
160440314,2016-02-13,38.43412344,-122.72660729999998
160440315,2016-02-13,38.47148370000001,-122.73962809999999
160440316,2016-02-13,38.43525419,-122.6859145
160440317,2016-02-13,38.41518155,-122.7135236
160440318,2016-02-13,38.46032734,-122.7213729
160440320,2016-02-13,38.43876378,-122.7216926
160440322,2016-02-13,38.4453395,-122.7417051
160440323,2016-02-13,38.43059702,-122.7253189
160440324,2016-02-13,38.41646151,-122.71112859999998
160440326,2016-02-13,38.43182581,-122.7419237
160440327,2016-02-13,38.44577885,-122.72255679999999
160440328,2016-02-13,38.45880608,-122.717197
160440329,2016-02-13,38.43903444,-122.71295049999999
160440330,2016-02-13,38.4738015,-122.73036770000002
160440332,2016-02-13,38.45406768,-122.7730892
160440334,2016-02-13,38.45681756,-122.7449037
160440335,2016-02-13,38.4452399,-122.75130279999999
160440337,2016-02-13,38.42757228,-122.7073644
160440338,2016-02-13,38.43466572,-122.71957340000002
160440340,2016-02-13,38.45977767,-122.75119640000001
160440341,2016-02-13,38.4440429,-122.76660020000001
160440345,2016-02-13,38.45370948,-122.68942309999998
160440346,2016-02-13,38.44306762,-122.7140585
160440349,2016-02-13,38.43466572,-122.71957340000002
160440351,2016-02-13,38.47141592,-122.70328640000001
160440352,2016-02-13,38.45112279999999,-122.69179640000002
160440353,2016-02-13,38.43903444,-122.71295049999999
160440354,2016-02-13,38.45029799,-122.68860159999998
160440355,2016-02-13,38.44474263,-122.70504150000001
160440356,2016-02-13,38.44786482,-122.75745659999998
160440358,2016-02-13,38.46447702,-122.6866385
160440359,2016-02-13,38.46919178,-122.72937320000001
160440361,2016-02-13,38.4280234,-122.7250038
160440362,2016-02-13,38.46954255,-122.75829579999998
160440363,2016-02-13,38.42393394,-122.729546
160440364,2016-02-13,38.43563918,-122.76455659999999
160440365,2016-02-13,38.47307303,-122.6994196
160440366,2016-02-13,38.43876378,-122.7216926
160440367,2016-02-13,38.44306762,-122.7140585
160440368,2016-02-13,38.442735299999995,-122.7066597
160440370,2016-02-13,38.42981029,-122.66559709999999
160440372,2016-02-13,38.44039704,-122.7117999
160440373,2016-02-13,38.44214069,-122.7152604
160440374,2016-02-13,38.47307303,-122.6994196
160440375,2016-02-13,38.419604,-122.69565300000001
160440376,2016-02-13,38.44389187,-122.7165195
160440377,2016-02-13,38.46624529,-122.73264820000001
160440378,2016-02-13,38.44273969,-122.71568059999998
160440379,2016-02-13,38.43406807,-122.7047886
160440380,2016-02-13,38.43606599,-122.7451718
160440381,2016-02-13,38.44577885,-122.72255679999999
160440382,2016-02-13,38.45264925,-122.7354991
160440383,2016-02-13,38.46229712,-122.64303079999999
160440384,2016-02-13,38.43338422,-122.70911609999999
160440386,2016-02-13,38.42243235,-122.7366743
160440387,2016-02-13,38.46296651,-122.7164774
160440389,2016-02-13,38.47307303,-122.6994196
160440390,2016-02-13,38.41861552,-122.71351829999999
160440391,2016-02-13,38.42978207,-122.7194327
160440392,2016-02-13,38.47971181,-122.73813090000002
160440395,2016-02-13,38.45998549,-122.7302449
160440396,2016-02-13,38.41648379,-122.6977423
160440397,2016-02-13,38.43118849,-122.72284590000001
160440398,2016-02-13,38.41333341,-122.7171869
160440399,2016-02-13,38.49571186,-122.72011
160450001,2016-02-14,38.42490755,-122.74395849999999
160450002,2016-02-14,38.45998531,-122.7350344
160450003,2016-02-14,38.43406807,-122.7047886
160450004,2016-02-14,38.42394960000001,-122.7174501
160450005,2016-02-14,38.43992913,-122.7193773
160450006,2016-02-14,38.44155811,-122.73775259999998
160450008,2016-02-14,38.46954255,-122.75829579999998
160450009,2016-02-14,38.46101047,-122.71060890000001
160450010,2016-02-14,38.477852,-122.71588200000001
160450011,2016-02-14,38.44139971,-122.71690690000001
160450012,2016-02-14,38.4476302,-122.7095735
160450013,2016-02-14,38.43665196,-122.71227809999999
160450014,2016-02-14,38.43525419,-122.6859145
160450015,2016-02-14,38.45112279999999,-122.69179640000002
160450016,2016-02-14,38.44668339,-122.7177146
160450017,2016-02-14,38.478458,-122.728406
160450018,2016-02-14,38.42030020000001,-122.71351090000002
160450019,2016-02-14,38.4476302,-122.7095735
160450020,2016-02-14,38.41711771,-122.7539799
160450021,2016-02-14,38.46919178,-122.72937320000001
160450022,2016-02-14,38.42620542,-122.6918416
160450023,2016-02-14,38.44023055,-122.7145525
160450024,2016-02-14,38.41333341,-122.7171869
160450025,2016-02-14,38.44046206,-122.7140115
160450026,2016-02-14,38.42894733,-122.73236999999999
160450027,2016-02-14,38.44635696,-122.68615
160450028,2016-02-14,38.45336896,-122.717404
160450029,2016-02-14,38.433329,-122.735665
160450030,2016-02-14,38.44023055,-122.7145525
160450031,2016-02-14,38.437332299999994,-122.74285379999999
160450032,2016-02-14,38.42852146,-122.7079301
160450035,2016-02-14,38.44572374,-122.72041010000001
160450036,2016-02-14,38.42709837,-122.6955654
160450037,2016-02-14,38.44037136,-122.7183896
160450038,2016-02-14,38.43992913,-122.7193773
160450039,2016-02-14,38.43894087,-122.71507849999999
160450040,2016-02-14,38.44651609,-122.69694720000001
160450041,2016-02-14,38.474725,-122.759398
160450042,2016-02-14,38.46954255,-122.75829579999998
160450043,2016-02-14,38.49035449,-122.68964220000001
160450044,2016-02-14,38.45997358,-122.73261799999999
160450045,2016-02-14,38.43894087,-122.71507849999999
160450046,2016-02-14,38.44046206,-122.7140115
160450047,2016-02-14,38.45029799,-122.68860159999998
160450048,2016-02-14,38.42077055,-122.71735149999999
160450049,2016-02-14,38.4379375,-122.7615328
160450051,2016-02-14,38.46563068,-122.7512033
160450052,2016-02-14,38.45905025,-122.7230125
160450053,2016-02-14,38.4612714,-122.74486359999999
160450054,2016-02-14,38.4565141,-122.7411455
160450055,2016-02-14,38.46381639,-122.7511905
160450056,2016-02-14,38.42685833,-122.71686729999999
160450058,2016-02-14,38.41998491,-122.7661094
160450060,2016-02-14,38.46720043,-122.72433079999999
160450061,2016-02-14,38.44972,-122.68848009999999
160450063,2016-02-14,38.44403502,-122.70426709999998
160450064,2016-02-14,38.41998491,-122.7661094
160450066,2016-02-14,38.449765500000005,-122.7202701
160450067,2016-02-14,38.44389187,-122.7165195
160450068,2016-02-14,38.45993819,-122.7267705
160450069,2016-02-14,38.40285384,-122.71347800000001
160450070,2016-02-14,38.45735476,-122.70794
160450071,2016-02-14,38.43194538,-122.7088291
160450072,2016-02-14,38.44036347,-122.70283090000001
160450073,2016-02-14,38.45112279999999,-122.69179640000002
160450075,2016-02-14,38.47395253,-122.73362659999998
160450076,2016-02-14,38.47335547,-122.7328436
160450078,2016-02-14,38.47201577,-122.73668159999998
160450080,2016-02-14,38.4598705,-122.74150900000001
160450081,2016-02-14,38.43946541,-122.73761090000002
160450082,2016-02-14,38.46233796,-122.7039158
160450083,2016-02-14,38.42150371,-122.5792639
160450084,2016-02-14,38.44295397,-122.5758568
160450085,2016-02-14,38.4640651,-122.6534045
160450086,2016-02-14,38.467559,-122.64363700000001
160450087,2016-02-14,38.43665196,-122.71227809999999
160450088,2016-02-14,38.45258756,-122.7513351
160450089,2016-02-14,38.42685471,-122.7413163
160450090,2016-02-14,38.45997358,-122.73261799999999
160450093,2016-02-14,38.4706443,-122.72981340000001
160450094,2016-02-14,38.432737,-122.58056100000002
160450095,2016-02-14,38.44036347,-122.70283090000001
160450096,2016-02-14,38.44379613,-122.706748
160450097,2016-02-14,38.4414286,-122.71379180000001
160450098,2016-02-14,38.43483618,-122.69896229999999
160450099,2016-02-14,38.44562427,-122.7160877
160450100,2016-02-14,38.42608214,-122.66683090000001
160450101,2016-02-14,38.44181202,-122.7475528
160450102,2016-02-14,38.4331949,-122.7341129
160450103,2016-02-14,38.45760065,-122.7266173
160450104,2016-02-14,38.44036347,-122.70283090000001
160450105,2016-02-14,38.40971025,-122.7134884
160450106,2016-02-14,38.43698542,-122.70643600000001
160450107,2016-02-14,38.45638015,-122.71052320000001
160450108,2016-02-14,38.43652835,-122.7284745
160450109,2016-02-14,38.45938071,-122.73149309999998
160450110,2016-02-14,38.47553201,-122.73060520000001
160450111,2016-02-14,38.46709833,-122.7512155
160450112,2016-02-14,38.4706443,-122.72981340000001
160450113,2016-02-14,38.42781637,-122.69116559999999
160450115,2016-02-14,38.45154944,-122.66967520000001
160450116,2016-02-14,38.44691519,-122.72659569999999
160450117,2016-02-14,38.45473349,-122.71569050000001
160450118,2016-02-14,38.44524539,-122.75437520000001
160450119,2016-02-14,38.45884356,-122.7326085
160450120,2016-02-14,38.40907613,-122.7353186
160450121,2016-02-14,38.46505778,-122.71938200000001
160450122,2016-02-14,38.44036347,-122.70283090000001
160450123,2016-02-14,38.42228018,-122.7094669
160450124,2016-02-14,38.4333222,-122.7138068
160450125,2016-02-14,38.43946541,-122.73761090000002
160450126,2016-02-14,38.44036347,-122.70283090000001
160450127,2016-02-14,38.43894087,-122.71507849999999
160450129,2016-02-14,38.41151265,-122.713498
160450130,2016-02-14,38.46311909,-122.7182737
160450132,2016-02-14,38.41224891,-122.7394283
160450133,2016-02-14,38.440376799999996,-122.744635
160450134,2016-02-14,38.43769345,-122.71779679999999
160450135,2016-02-14,38.42757228,-122.7073644
160450136,2016-02-14,38.41259774,-122.7380221
160450137,2016-02-14,38.41809154,-122.7020312
160450138,2016-02-14,38.46923636,-122.72199540000001
160450140,2016-02-14,38.45490251,-122.7696699
160450145,2016-02-14,38.4649157,-122.6533696
160450147,2016-02-14,38.45760065,-122.7266173
160450148,2016-02-14,38.44165364,-122.7306304
160450149,2016-02-14,38.44106649,-122.72008590000002
160450150,2016-02-14,38.46709833,-122.7512155
160450151,2016-02-14,38.40182539999999,-122.7267889
160450152,2016-02-14,38.41763017,-122.71351940000001
160450153,2016-02-14,38.46505778,-122.71938200000001
160450155,2016-02-14,38.427017299999996,-122.74482420000001
160450156,2016-02-14,38.44110696,-122.71449820000001
160450158,2016-02-14,38.43853683,-122.68543740000001
160450159,2016-02-14,38.42393394,-122.729546
160450160,2016-02-14,38.41897422,-122.7239696
160450161,2016-02-14,38.45956577,-122.7190646
160450162,2016-02-14,38.41991432,-122.7240945
160450164,2016-02-14,38.47148370000001,-122.73962809999999
160450165,2016-02-14,38.45496854,-122.7173537
160450167,2016-02-14,38.46624529,-122.73264820000001
160450168,2016-02-14,38.44214069,-122.7152604
160450169,2016-02-14,38.41649031,-122.70427279999998
160450170,2016-02-14,38.48100024,-122.7048521
160450171,2016-02-14,38.41151265,-122.713498
160450172,2016-02-14,38.45112279999999,-122.69179640000002
160450173,2016-02-14,38.44531078,-122.71774199999999
160450174,2016-02-14,38.45938071,-122.73149309999998
160450176,2016-02-14,38.44055115,-122.7696321
160450177,2016-02-14,38.46081666,-122.71832040000001
160450178,2016-02-14,38.46383244,-122.6649856
160450179,2016-02-14,38.44036347,-122.70283090000001
160450180,2016-02-14,38.43142652,-122.769687
160450182,2016-02-14,38.42762049,-122.7103777
160450183,2016-02-14,38.44036347,-122.70283090000001
160450184,2016-02-14,38.44306762,-122.7140585
160450185,2016-02-14,38.43779184,-122.7238764
160450186,2016-02-14,38.43382248,-122.71176990000001
160450188,2016-02-14,38.44972,-122.68848009999999
160450189,2016-02-14,38.45761166,-122.71725009999999
160450190,2016-02-14,38.45997829,-122.7406116
160450191,2016-02-14,38.47247575,-122.7306991
160450192,2016-02-14,38.4414286,-122.71379180000001
160450195,2016-02-14,38.40712625,-122.73224309999999
160450196,2016-02-14,38.46032734,-122.7213729
160450197,2016-02-14,38.41164352,-122.73429080000001
160450198,2016-02-14,38.45998229,-122.7403416
160450199,2016-02-14,38.4331949,-122.7341129
160450200,2016-02-14,38.4706443,-122.72981340000001
160450202,2016-02-14,38.44383638,-122.76961940000001
160450203,2016-02-14,38.4638152,-122.6372713
160450204,2016-02-14,38.44451414,-122.68771240000001
160450205,2016-02-14,38.44461788,-122.71481670000001
160450206,2016-02-14,38.45991177,-122.7284087
160450208,2016-02-14,38.42271933,-122.70576809999999
160450209,2016-02-14,38.42866101,-122.74153390000002
160450211,2016-02-14,38.4695314,-122.7627481
160450212,2016-02-14,38.46808224,-122.7603815
160450213,2016-02-14,38.42685471,-122.7413163
160450214,2016-02-14,38.45258756,-122.7513351
160450215,2016-02-14,38.43535628,-122.7120801
160450216,2016-02-14,38.44302503,-122.7060213
160450217,2016-02-14,38.43372932,-122.7286318
160450218,2016-02-14,38.44198325,-122.72407240000001
160450219,2016-02-14,38.450788,-122.6975206
160450220,2016-02-14,38.41439771,-122.7205574
160450221,2016-02-14,38.47410364,-122.6500655
160450222,2016-02-14,38.46031705,-122.674472
160450223,2016-02-14,38.46720043,-122.72433079999999
160450225,2016-02-14,38.45884356,-122.7326085
160450227,2016-02-14,38.43004583,-122.7126188
160450228,2016-02-14,38.48192334,-122.74273500000001
160450230,2016-02-14,38.47686128,-122.7381217
160450231,2016-02-14,38.43483618,-122.69896229999999
160450233,2016-02-14,38.43263618,-122.7260264
160450234,2016-02-14,38.45998531,-122.7350344
160450235,2016-02-14,38.47971181,-122.73813090000002
160450236,2016-02-14,38.44486169,-122.68068570000001
160450237,2016-02-14,38.43980197,-122.6853689
160450238,2016-02-14,38.45974038,-122.7429957
160450239,2016-02-14,38.40832658,-122.7235807
160450240,2016-02-14,38.43164326,-122.7053655
160450241,2016-02-14,38.4706443,-122.72981340000001
160450242,2016-02-14,38.45974038,-122.7429957
160450243,2016-02-14,38.43936852,-122.72656640000001
160450244,2016-02-14,38.44046206,-122.7140115
160450250,2016-02-14,38.45974038,-122.7429957
160450251,2016-02-14,38.44962047,-122.7504345
160450252,2016-02-14,38.43903444,-122.71295049999999
160450254,2016-02-14,38.45974038,-122.7429957
160450255,2016-02-14,38.47821614,-122.75217190000001
160450257,2016-02-14,38.46499934,-122.73263840000001
160450258,2016-02-14,38.42120767,-122.69910320000001
160450259,2016-02-14,38.49535161,-122.7066236
160450260,2016-02-14,38.47452626,-122.747033
160450261,2016-02-14,38.45974195,-122.7464246
160450262,2016-02-14,38.43143133,-122.71127560000001
160450263,2016-02-14,38.44563699,-122.7342003
160450265,2016-02-14,38.44036347,-122.70283090000001
160450267,2016-02-14,38.42410062,-122.7158175
160450268,2016-02-14,38.47037713,-122.7229361
160450269,2016-02-14,38.44668339,-122.7177146
160450271,2016-02-14,38.45730241,-122.6712994
160450272,2016-02-14,38.42473645,-122.7087034
160450273,2016-02-14,38.42851153,-122.745236
160450274,2016-02-14,38.45786906,-122.64848789999999
160450276,2016-02-14,38.43840614,-122.7225159
160450277,2016-02-14,38.43286531,-122.68910249999999
160450278,2016-02-14,38.42546158,-122.6692824
160450279,2016-02-14,38.43024644,-122.7269034
160450280,2016-02-14,38.44233018,-122.76391869999999
160450281,2016-02-14,38.4586982,-122.7133148
160450283,2016-02-14,38.47542282,-122.69984579999999
160450284,2016-02-14,38.45309988,-122.69251829999999
160450285,2016-02-14,38.4638152,-122.6372713
160450286,2016-02-14,38.42380643,-122.713507
160450287,2016-02-14,38.45399065,-122.7143909
160450288,2016-02-14,38.46229712,-122.64303079999999
160450289,2016-02-14,38.44250791,-122.721028
160450290,2016-02-14,38.44036347,-122.70283090000001
160450291,2016-02-14,38.43714457,-122.7188627
160450292,2016-02-14,38.45126687,-122.7381591
160450293,2016-02-14,38.45997829,-122.7406116
160450295,2016-02-14,38.4453395,-122.7417051
160450296,2016-02-14,38.452966499999995,-122.731721
160450297,2016-02-14,38.46101047,-122.71060890000001
160450298,2016-02-14,38.45154944,-122.66967520000001
160450299,2016-02-14,38.44784504,-122.7623645
160450300,2016-02-14,38.45437446,-122.7321686
160450302,2016-02-14,38.44540732,-122.7394594
160450303,2016-02-14,38.46210603,-122.74463030000001
160450307,2016-02-14,38.46662813,-122.7430045
160450308,2016-02-14,38.43804302,-122.6758185
160450309,2016-02-14,38.43033883,-122.7175395
160450310,2016-02-14,38.43093522,-122.75572720000001
160450312,2016-02-14,38.44581039,-122.7304284
160450313,2016-02-14,38.41646107,-122.70881059999999
160450314,2016-02-14,38.42755502,-122.69388470000001
160450318,2016-02-14,38.46101047,-122.71060890000001
160450319,2016-02-14,38.42502148,-122.6692619
160450320,2016-02-14,38.41649031,-122.70427279999998
160450321,2016-02-14,38.46499934,-122.73263840000001
160450322,2016-02-14,38.47247575,-122.7306991
160450323,2016-02-14,38.4379375,-122.7615328
160450324,2016-02-14,38.44531078,-122.71774199999999
160450325,2016-02-14,38.438010799999994,-122.71948130000001
160450326,2016-02-14,38.4683409,-122.7635112
160450328,2016-02-14,38.44036347,-122.70283090000001
160450329,2016-02-14,38.43421213,-122.7262256
160450330,2016-02-14,38.47330973,-122.67563490000002
160450331,2016-02-14,38.44315547,-122.7081412
160450332,2016-02-14,38.40218648,-122.71088030000001
160450333,2016-02-14,38.43638861,-122.7633303
160450334,2016-02-14,38.44403502,-122.70426709999998
160450335,2016-02-14,38.43323996,-122.6990088
160450336,2016-02-14,38.45974195,-122.7464246
160450337,2016-02-14,38.4515494,-122.7174904
160450339,2016-02-14,38.42755502,-122.69388470000001
160450341,2016-02-14,38.47153982,-122.6587392
160450342,2016-02-14,38.47058777,-122.7634341
160460001,2016-02-15,38.44306762,-122.7140585
160460002,2016-02-15,38.45998099,-122.73801110000001
160460005,2016-02-15,38.45998549,-122.7302449
160460006,2016-02-15,38.43971531,-122.71565840000001
160460008,2016-02-15,38.42758836,-122.691824
160460009,2016-02-15,38.44431337,-122.70773290000001
160460010,2016-02-15,38.44669518,-122.74461699999999
160460011,2016-02-15,38.44379613,-122.706748
160460012,2016-02-15,38.44260421,-122.71777730000001
160460013,2016-02-15,38.47335547,-122.7328436
160460014,2016-02-15,38.47199445,-122.6958074
160460016,2016-02-15,38.46919178,-122.72937320000001
160460017,2016-02-15,38.44392348,-122.7187663
160460018,2016-02-15,38.44306762,-122.7140585
160460019,2016-02-15,38.45826594,-122.74494809999999
160460020,2016-02-15,38.47970915,-122.7351243
160460021,2016-02-15,38.43971531,-122.71565840000001
160460022,2016-02-15,38.46664686,-122.6580831
160460023,2016-02-15,38.47083037,-122.73245770000001
160460024,2016-02-15,38.42546158,-122.6692824
160460025,2016-02-15,38.44562427,-122.7160877
160460026,2016-02-15,38.47247575,-122.7306991
160460027,2016-02-15,38.43033883,-122.7175395
160460028,2016-02-15,38.47399546,-122.738114
160460029,2016-02-15,38.43179336,-122.6683081
160460030,2016-02-15,38.47979384,-122.7552378
160460031,2016-02-15,38.47335547,-122.7328436
160460032,2016-02-15,38.45029799,-122.68860159999998
160460033,2016-02-15,38.44161484,-122.7289686
160460034,2016-02-15,38.41011307,-122.72934
160460036,2016-02-15,38.43735184,-122.7269635
160460037,2016-02-15,38.439176,-122.58927800000001
160460038,2016-02-15,38.42851153,-122.745236
160460039,2016-02-15,38.46709833,-122.7512155
160460040,2016-02-15,38.43033883,-122.7175395
160460041,2016-02-15,38.45812259,-122.7358441
160460042,2016-02-15,38.455409499999995,-122.72817260000001
160460043,2016-02-15,38.46121774,-122.71653300000001
160460046,2016-02-15,38.45830449,-122.67546259999999
160460047,2016-02-15,38.44263313,-122.7245873
160460048,2016-02-15,38.44943332,-122.73322350000001
160460049,2016-02-15,38.43992913,-122.7193773
160460050,2016-02-15,38.42938738,-122.70549840000001
160460052,2016-02-15,38.43992913,-122.7193773
160460053,2016-02-15,38.46331421,-122.63508610000001
160460054,2016-02-15,38.4706443,-122.72981340000001
160460056,2016-02-15,38.45996937,-122.73166409999999
160460057,2016-02-15,38.44972,-122.68848009999999
160460059,2016-02-15,38.45154944,-122.66967520000001
160460060,2016-02-15,38.42307419,-122.7173908
160460061,2016-02-15,38.43827333,-122.71251090000001
160460062,2016-02-15,38.4222799,-122.7185301
160460063,2016-02-15,38.4458612,-122.68794270000001
160460065,2016-02-15,38.46790152,-122.74753259999999
160460066,2016-02-15,38.43805776,-122.7211803
160460069,2016-02-15,38.41689989,-122.70285770000001
160460070,2016-02-15,38.47686128,-122.7381217
160460071,2016-02-15,38.41906182,-122.70772959999998
160460073,2016-02-15,38.43412344,-122.72660729999998
160460074,2016-02-15,38.430666200000005,-122.71064809999999
160460077,2016-02-15,38.46545044,-122.7224179
160460078,2016-02-15,38.44369165,-122.7111923
160460079,2016-02-15,38.4384119,-122.6968065
160460080,2016-02-15,38.44091148,-122.70085220000001
160460082,2016-02-15,38.46101229,-122.71717120000001
160460084,2016-02-15,38.4452399,-122.75130279999999
160460085,2016-02-15,38.43965855,-122.71341480000001
160460086,2016-02-15,38.46916414,-122.72436090000002
160460087,2016-02-15,38.45993819,-122.7267705
160460089,2016-02-15,38.47655082,-122.7563377
160460091,2016-02-15,38.44409332,-122.7340646
160460092,2016-02-15,38.47057796,-122.73832979999999
160460094,2016-02-15,38.43286531,-122.68910249999999
160460096,2016-02-15,38.40486649,-122.71004209999998
160460097,2016-02-15,38.46910019,-122.7383389
160460098,2016-02-15,38.46947176,-122.7547635
160460099,2016-02-15,38.43485998,-122.58044679999999
160460100,2016-02-15,38.43971531,-122.71565840000001
160460103,2016-02-15,38.43541921,-122.7277581
160460104,2016-02-15,38.45029799,-122.68860159999998
160460105,2016-02-15,38.44339229,-122.66153100000001
160460106,2016-02-15,38.41344736,-122.7417706
160460107,2016-02-15,38.44036347,-122.70283090000001
160460108,2016-02-15,38.44939856,-122.6699683
160460109,2016-02-15,38.44669518,-122.74461699999999
160460110,2016-02-15,38.47631259,-122.7116519
160460111,2016-02-15,38.43205625,-122.7056172
160460116,2016-02-15,38.46206241,-122.6821841
160460119,2016-02-15,38.45255091,-122.77187240000002
160460120,2016-02-15,38.436409999999995,-122.736143
160460121,2016-02-15,38.43903444,-122.71295049999999
160460122,2016-02-15,38.444775799999995,-122.75850120000001
160460123,2016-02-15,38.47971181,-122.73813090000002
160460125,2016-02-15,38.47428388,-122.72853570000001
160460126,2016-02-15,38.46339427,-122.65789709999999
160460128,2016-02-15,38.42393394,-122.729546
160460129,2016-02-15,38.45803531,-122.6729237
160460130,2016-02-15,38.461475,-122.671375
160460134,2016-02-15,38.44315489,-122.759855
160460135,2016-02-15,38.44392348,-122.7187663
160460140,2016-02-15,38.44298309,-122.6101321
160460142,2016-02-15,38.43294769,-122.7445656
160460143,2016-02-15,38.43879551,-122.7084638
160460147,2016-02-15,38.39052242,-122.71355630000001
160460150,2016-02-15,38.43961651,-122.7178412
160460151,2016-02-15,38.45922275,-122.66591650000001
160460152,2016-02-15,38.46713633,-122.76583049999999
160460153,2016-02-15,38.44531078,-122.71774199999999
160460154,2016-02-15,38.4776917,-122.74271470000001
160460155,2016-02-15,38.471044,-122.66767
160460158,2016-02-15,38.45025402,-122.72648290000001
160460159,2016-02-15,38.438448,-122.73164799999999
160460160,2016-02-15,38.45997358,-122.73261799999999
160460161,2016-02-15,38.49278633,-122.7136327
160460163,2016-02-15,38.47471494,-122.7286683
160460165,2016-02-15,38.45447584,-122.68080900000001
160460166,2016-02-15,38.46415311,-122.7258716
160460167,2016-02-15,38.40486649,-122.71004209999998
160460170,2016-02-15,38.44079665,-122.70127109999999
160460172,2016-02-15,38.40714799,-122.74012590000001
160460174,2016-02-15,38.47686128,-122.7381217
160460176,2016-02-15,38.455409499999995,-122.72817260000001
160460177,2016-02-15,38.46623454,-122.73023130000001
160460182,2016-02-15,38.4076149,-122.7294369
160460183,2016-02-15,38.45758929,-122.7178531
160460184,2016-02-15,38.43587467,-122.71551409999998
160460185,2016-02-15,38.46873386,-122.74485390000001
160460186,2016-02-15,38.43382248,-122.71176990000001
160460187,2016-02-15,38.43412344,-122.72660729999998
160460188,2016-02-15,38.43507093,-122.70536129999999
160460189,2016-02-15,38.40486649,-122.71004209999998
160460191,2016-02-15,38.45585991,-122.75794760000001
160460194,2016-02-15,38.44036347,-122.70283090000001
160460196,2016-02-15,38.42052806,-122.7383679
160460197,2016-02-15,38.41137304,-122.7352834
160460198,2016-02-15,38.45803531,-122.6729237
160460199,2016-02-15,38.43436204,-122.74808909999999
160460206,2016-02-15,38.45045002,-122.75132109999998
160460207,2016-02-15,38.44165364,-122.7306304
160460208,2016-02-15,38.44389693,-122.708675
160460209,2016-02-15,38.46623454,-122.73023130000001
160460210,2016-02-15,38.45758929,-122.7178531
160460211,2016-02-15,38.440041799999996,-122.7209865
160460212,2016-02-15,38.40172352,-122.71088229999998
160460213,2016-02-15,38.44962047,-122.7504345
160460214,2016-02-15,38.4394771,-122.72221869999998
160460215,2016-02-15,38.434957399999995,-122.6823515
160460217,2016-02-15,38.42386438,-122.7081955
160460218,2016-02-15,38.45154944,-122.66967520000001
160460220,2016-02-15,38.43665196,-122.71227809999999
160460221,2016-02-15,38.43150165,-122.7705341
160460222,2016-02-15,38.41030288,-122.7094955
160460223,2016-02-15,38.45730241,-122.6712994
160460224,2016-02-15,38.44036347,-122.70283090000001
160460225,2016-02-15,38.42975173,-122.71133049999999
160460226,2016-02-15,38.45803531,-122.6729237
160460227,2016-02-15,38.42585217,-122.7024686
160460228,2016-02-15,38.44876549,-122.7265313
160460229,2016-02-15,38.45884356,-122.7326085
160460230,2016-02-15,38.40195457,-122.71710420000001
160460231,2016-02-15,38.43535628,-122.7120801
160460232,2016-02-15,38.45257267,-122.7595733
160460233,2016-02-15,38.46686692,-122.6325865
160460234,2016-02-15,38.45134906,-122.6763227
160460235,2016-02-15,38.44524539,-122.75437520000001
160460236,2016-02-15,38.455409499999995,-122.72817260000001
160460237,2016-02-15,38.43059702,-122.7253189
160460238,2016-02-15,38.44939856,-122.6699683
160460239,2016-02-15,38.42709837,-122.6955654
160460240,2016-02-15,38.434241,-122.71183899999998
160460241,2016-02-15,38.43894087,-122.71507849999999
160460242,2016-02-15,38.46916414,-122.72436090000002
160460243,2016-02-15,38.43164326,-122.7053655
160460244,2016-02-15,38.44020625,-122.7227462
160460245,2016-02-15,38.43182581,-122.7419237
160460247,2016-02-15,38.42320746,-122.73936950000001
160460248,2016-02-15,38.44036347,-122.70283090000001
160460249,2016-02-15,38.43903444,-122.71295049999999
160460250,2016-02-15,38.45576138,-122.7264186
160460251,2016-02-15,38.45329286,-122.71442990000001
160460252,2016-02-15,38.45154944,-122.66967520000001
160460253,2016-02-15,38.46789167,-122.64501509999998
160460255,2016-02-15,38.42320746,-122.73936950000001
160460257,2016-02-15,38.46923636,-122.72199540000001
160460258,2016-02-15,38.43457974,-122.68357749999998
160460259,2016-02-15,38.46624747,-122.72841409999998
160460262,2016-02-15,38.45258756,-122.7513351
160460264,2016-02-15,38.46520704,-122.7362267
160460265,2016-02-15,38.46376246,-122.7696967
160460267,2016-02-15,38.42697318,-122.76163249999999
160460268,2016-02-15,38.44583528,-122.7245675
160460269,2016-02-15,38.45993819,-122.7267705
160460270,2016-02-15,38.42422898,-122.7282929
160460272,2016-02-15,38.46101229,-122.71717120000001
160460274,2016-02-15,38.44276671,-122.6696584
160460275,2016-02-15,38.44165364,-122.7306304
160460276,2016-02-15,38.44053199,-122.70968880000001
160460277,2016-02-15,38.45956577,-122.7190646
160460278,2016-02-15,38.4638152,-122.6372713
160460279,2016-02-15,38.46912427,-122.7326346
160460281,2016-02-15,38.41646107,-122.70881059999999
160460283,2016-02-15,38.47176872,-122.67766280000001
160460284,2016-02-15,38.477852,-122.71588200000001
160460285,2016-02-15,38.44354527,-122.7229152
160460286,2016-02-15,38.43495295,-122.7467561
160460287,2016-02-15,38.48064997,-122.6651565
160460288,2016-02-15,38.42135934,-122.7147642
160460289,2016-02-15,38.46421777,-122.72841559999999
160460290,2016-02-15,38.42992011,-122.7476531
160460291,2016-02-15,38.47496921,-122.6745622
160460293,2016-02-15,38.45154944,-122.66967520000001
160460294,2016-02-15,38.47719341,-122.6619001
160460295,2016-02-15,38.45154944,-122.66967520000001
160460296,2016-02-15,38.44039704,-122.7117999
160460297,2016-02-15,38.45838097,-122.75207179999998
160460299,2016-02-15,38.43853012,-122.7337009
160460300,2016-02-15,38.43675357,-122.70401770000001
160460301,2016-02-15,38.44038228,-122.7161508
160460302,2016-02-15,38.45019872,-122.69254679999999
160460303,2016-02-15,38.45991177,-122.7284087
160460304,2016-02-15,38.45791624,-122.76456019999999
160460305,2016-02-15,38.45991177,-122.7284087
160460306,2016-02-15,38.42320746,-122.73936950000001
160460307,2016-02-15,38.44562427,-122.7160877
160460308,2016-02-15,38.46919178,-122.72937320000001
160460309,2016-02-15,38.43691353,-122.7581721
160460310,2016-02-15,38.45576138,-122.7264186
160460311,2016-02-15,38.43406807,-122.7047886
160460312,2016-02-15,38.4706443,-122.72981340000001
160460314,2016-02-15,38.4452399,-122.75130279999999
160460315,2016-02-15,38.42107583,-122.7060808
160460316,2016-02-15,38.45998099,-122.73801110000001
160460317,2016-02-15,38.44858629,-122.7544753
160460319,2016-02-15,38.48064997,-122.6651565
160460320,2016-02-15,38.45884356,-122.7326085
160460321,2016-02-15,38.46413558,-122.6998179
160460322,2016-02-15,38.44285521,-122.7017068
160460323,2016-02-15,38.45406768,-122.7730892
160460326,2016-02-15,38.42631489,-122.7483847
160460327,2016-02-15,38.45803531,-122.6729237
160460328,2016-02-15,38.45260372,-122.7336335
160460329,2016-02-15,38.42677371,-122.7178509
160460330,2016-02-15,38.43903444,-122.71295049999999
160460332,2016-02-15,38.445236799999996,-122.74604140000001
160460333,2016-02-15,38.46852999,-122.7232521
160460334,2016-02-15,38.42760143,-122.7691831
160460335,2016-02-15,38.46282693,-122.70744920000001
160460336,2016-02-15,38.46624747,-122.72841409999998
160460337,2016-02-15,38.45998808,-122.72469280000001
160460338,2016-02-15,38.44050956,-122.6562713
160460339,2016-02-15,38.46912427,-122.7326346
160460342,2016-02-15,38.44571788,-122.6859217
160460343,2016-02-15,38.43163437,-122.76087
160460344,2016-02-15,38.43294769,-122.7445656
160460346,2016-02-15,38.44502788,-122.7211998
160460347,2016-02-15,38.45993819,-122.7267705
160460348,2016-02-15,38.47297747,-122.72614070000002
160460349,2016-02-15,38.42380643,-122.713507
160460350,2016-02-15,38.46146828,-122.72371299999999
160460352,2016-02-15,38.445236799999996,-122.74604140000001
160460354,2016-02-15,38.46101229,-122.71717120000001
160460355,2016-02-15,38.40186649,-122.71348429999999
160460356,2016-02-15,38.41429399,-122.71748640000001
160460357,2016-02-15,38.4452399,-122.75130279999999
160470001,2016-02-16,38.46336689,-122.71318629999999
160470003,2016-02-16,38.4452399,-122.75130279999999
160470004,2016-02-16,38.42030020000001,-122.71351090000002
160470005,2016-02-16,38.43516241,-122.68761950000001
160470006,2016-02-16,38.43406807,-122.7047886
160470007,2016-02-16,38.41998491,-122.7661094
160470008,2016-02-16,38.42568262,-122.7319736
160470009,2016-02-16,38.41333341,-122.7171869
160470010,2016-02-16,38.47297747,-122.72614070000002
160470012,2016-02-16,38.45735476,-122.70794
160470013,2016-02-16,38.44933362,-122.6702086
160470014,2016-02-16,38.43769345,-122.71779679999999
160470015,2016-02-16,38.44574276,-122.652634
160470016,2016-02-16,38.445236799999996,-122.74604140000001
160470017,2016-02-16,38.41344736,-122.7417706
160470018,2016-02-16,38.44137585,-122.7419897
160470021,2016-02-16,38.44050956,-122.6562713
160470022,2016-02-16,38.45977036,-122.7493436
160470023,2016-02-16,38.44474263,-122.70504150000001
160470024,2016-02-16,38.47303949,-122.65542179999998
160470025,2016-02-16,38.42866101,-122.74153390000002
160470026,2016-02-16,38.43323996,-122.6990088
160470027,2016-02-16,38.47686128,-122.7381217
160470028,2016-02-16,38.42685471,-122.7413163
160470030,2016-02-16,38.47335547,-122.7328436
160470031,2016-02-16,38.41429399,-122.71748640000001
160470033,2016-02-16,38.44972,-122.68848009999999
160470034,2016-02-16,38.47971079,-122.7352915
160470035,2016-02-16,38.43876378,-122.7216926
160470036,2016-02-16,38.44050956,-122.6562713
160470037,2016-02-16,38.46919178,-122.72937320000001
160470038,2016-02-16,38.43630332,-122.75033540000001
160470039,2016-02-16,38.46414468,-122.7224179
160470042,2016-02-16,38.44550263,-122.7123095
160470043,2016-02-16,38.43279882,-122.76415130000001
160470044,2016-02-16,38.44468884,-122.70238229999998
160470046,2016-02-16,38.42030020000001,-122.71351090000002
160470048,2016-02-16,38.45998549,-122.7302449
160470049,2016-02-16,38.45018082,-122.717546
160470050,2016-02-16,38.47686128,-122.7381217
160470051,2016-02-16,38.4394771,-122.72221869999998
160470052,2016-02-16,38.46856197,-122.75183
160470053,2016-02-16,38.44114633,-122.71012549999999
160470054,2016-02-16,38.413219700000006,-122.7135365
160470055,2016-02-16,38.46483701,-122.74657009999999
160470056,2016-02-16,38.44420275,-122.6965707
160470057,2016-02-16,38.47057796,-122.73832979999999
160470058,2016-02-16,38.44848820000001,-122.7361192
160470060,2016-02-16,38.44876877,-122.67221440000002
160470061,2016-02-16,38.44546397,-122.71089909999999
160470062,2016-02-16,38.47971181,-122.73813090000002
160470063,2016-02-16,38.45993819,-122.7267705
160470064,2016-02-16,38.425103,-122.70460220000001
160470065,2016-02-16,38.413219700000006,-122.7135365
160470066,2016-02-16,38.46296651,-122.7164774
160470068,2016-02-16,38.44024639,-122.5825606
160470069,2016-02-16,38.45255091,-122.77187240000002
160470070,2016-02-16,38.44581123,-122.72344869999999
160470071,2016-02-16,38.42417658,-122.753153
160470072,2016-02-16,38.44972,-122.68848009999999
160470075,2016-02-16,38.47307303,-122.6994196
160470076,2016-02-16,38.4443471,-122.76785009999999
160470077,2016-02-16,38.47136054,-122.69972279999999
160470078,2016-02-16,38.43217965,-122.67313600000001
160470079,2016-02-16,38.48117583,-122.7487067
160470080,2016-02-16,38.42677371,-122.7178509
160470081,2016-02-16,38.41224891,-122.7394283
160470082,2016-02-16,38.46482899,-122.65142639999999
160470083,2016-02-16,38.465888,-122.741677
160470084,2016-02-16,38.42030020000001,-122.71351090000002
160470085,2016-02-16,38.47543794,-122.6721236
160470087,2016-02-16,38.44939856,-122.6699683
160470088,2016-02-16,38.46911581,-122.73471
160470089,2016-02-16,38.46714529,-122.7562925
160470090,2016-02-16,38.40183339,-122.7210207
160470091,2016-02-16,38.43372932,-122.7286318
160470092,2016-02-16,38.44440016,-122.60562920000001
160470093,2016-02-16,38.44356872,-122.70722140000001
160470094,2016-02-16,38.4497815,-122.71755870000001
160470096,2016-02-16,38.4453183,-122.76332409999999
160470097,2016-02-16,38.46199495,-122.74714209999999
160470098,2016-02-16,38.44979601,-122.7463455
160470099,2016-02-16,38.45112279999999,-122.69179640000002
160470100,2016-02-16,38.45255814,-122.76447749999998
160470101,2016-02-16,38.47335547,-122.7328436
160470102,2016-02-16,38.43876378,-122.7216926
160470103,2016-02-16,38.43303717,-122.7592645
160470104,2016-02-16,38.46482899,-122.65142639999999
160470105,2016-02-16,38.42030020000001,-122.71351090000002
160470106,2016-02-16,38.47649064,-122.6573244
160470107,2016-02-16,38.43787276,-122.73161440000001
160470108,2016-02-16,38.43717277,-122.73323909999998
160470109,2016-02-16,38.45647694,-122.70022859999999
160470110,2016-02-16,38.430082,-122.759119
160470111,2016-02-16,38.43965855,-122.71341480000001
160470112,2016-02-16,38.432635600000005,-122.69356609999998
160470113,2016-02-16,38.438448,-122.73164799999999
160470114,2016-02-16,38.43861178,-122.73466770000002
160470115,2016-02-16,38.4410492,-122.74599740000002
160470116,2016-02-16,38.44979643,-122.66856159999999
160470117,2016-02-16,38.43903444,-122.71295049999999
160470118,2016-02-16,38.44038228,-122.7161508
160470119,2016-02-16,38.4491776,-122.7577828
160470120,2016-02-16,38.47074837,-122.7623508
160470121,2016-02-16,38.43946541,-122.73761090000002
160470122,2016-02-16,38.47471494,-122.7286683
160470123,2016-02-16,38.42631489,-122.7483847
160470124,2016-02-16,38.44281473,-122.7147959
160470125,2016-02-16,38.44962047,-122.7504345
160470126,2016-02-16,38.44167378,-122.73148710000001
160470127,2016-02-16,38.48320801,-122.73461189999999
160470128,2016-02-16,38.44963917,-122.74879320000001
160470129,2016-02-16,38.45529965,-122.7054063
160470130,2016-02-16,38.48320801,-122.73461189999999
160470132,2016-02-16,38.45884356,-122.7326085
160470133,2016-02-16,38.44363803,-122.721861
160470135,2016-02-16,38.45406102,-122.7340969
160470136,2016-02-16,38.44827809,-122.69242179999999
160470137,2016-02-16,38.42628117,-122.65781170000001
160470138,2016-02-16,38.40849671,-122.7378652
160470139,2016-02-16,38.46172539,-122.7696703
160470140,2016-02-16,38.46662813,-122.7430045
160470141,2016-02-16,38.47700177,-122.65487479999999
160470142,2016-02-16,38.43535628,-122.7120801
160470144,2016-02-16,38.43150165,-122.7705341
160470145,2016-02-16,38.44876877,-122.67221440000002
160470146,2016-02-16,38.45998549,-122.7302449
160470147,2016-02-16,38.42866101,-122.74153390000002
160470148,2016-02-16,38.45402786,-122.7264021
160470149,2016-02-16,38.42422898,-122.7282929
160470150,2016-02-16,38.45406102,-122.7340969
160470153,2016-02-16,38.4384119,-122.6968065
160470154,2016-02-16,38.43516241,-122.68761950000001
160470155,2016-02-16,38.44306762,-122.7140585
160470156,2016-02-16,38.45437446,-122.7321686
160470157,2016-02-16,38.45909335,-122.71717520000001
160470158,2016-02-16,38.43863641,-122.7335553
160470159,2016-02-16,38.44285521,-122.7017068
160470160,2016-02-16,38.46840455,-122.70757859999999
160470162,2016-02-16,38.43307028,-122.7149396
160470163,2016-02-16,38.41436868,-122.722373
160470164,2016-02-16,38.43992913,-122.7193773
160470165,2016-02-16,38.46545044,-122.7224179
160470166,2016-02-16,38.47778866,-122.7584055
160470167,2016-02-16,38.4331949,-122.7341129
160470168,2016-02-16,38.49199636,-122.70650079999999
160470169,2016-02-16,38.46031705,-122.674472
160470170,2016-02-16,38.413219700000006,-122.7135365
160470171,2016-02-16,38.4410492,-122.74599740000002
160470173,2016-02-16,38.45909335,-122.71717520000001
160470174,2016-02-16,38.43477608,-122.736604
160470175,2016-02-16,38.45956577,-122.7190646
160470176,2016-02-16,38.47700177,-122.65487479999999
160470177,2016-02-16,38.43830329,-122.6958581
160470178,2016-02-16,38.41064839,-122.7293344
160470179,2016-02-16,38.44691519,-122.72659569999999
160470180,2016-02-16,38.43897984,-122.7107765
160470181,2016-02-16,38.42739284,-122.71183359999999
160470182,2016-02-16,38.45154549,-122.67155420000002
160470185,2016-02-16,38.41911173,-122.70145190000001
160470186,2016-02-16,38.45509327,-122.67828929999999
160470187,2016-02-16,38.42637818,-122.7615581
160470188,2016-02-16,38.40587755,-122.7115898
160470189,2016-02-16,38.44050956,-122.6562713
160470191,2016-02-16,38.43263618,-122.7260264
160470192,2016-02-16,38.45414865,-122.70293059999999
160470193,2016-02-16,38.43811582,-122.6986665
160470195,2016-02-16,38.47700177,-122.65487479999999
160470196,2016-02-16,38.43033883,-122.7175395
160470199,2016-02-16,38.45993819,-122.7267705
160470200,2016-02-16,38.44053199,-122.70968880000001
160470201,2016-02-16,38.47929434,-122.6577925
160470202,2016-02-16,38.44379613,-122.706748
160470203,2016-02-16,38.46912427,-122.7326346
160470204,2016-02-16,38.42984924,-122.74171740000001
160470205,2016-02-16,38.44174877,-122.71309140000001
160470206,2016-02-16,38.44564739,-122.7177125
160470207,2016-02-16,38.46170103,-122.7151804
160470208,2016-02-16,38.409234000000005,-122.744983
160470209,2016-02-16,38.42197193,-122.7103328
160470210,2016-02-16,38.42685471,-122.7413163
160470212,2016-02-16,38.40832658,-122.7235807
160470214,2016-02-16,38.4706443,-122.72981340000001
160470215,2016-02-16,38.44036347,-122.70283090000001
160470216,2016-02-16,38.4443471,-122.76785009999999
160470217,2016-02-16,38.44036347,-122.70283090000001
160470218,2016-02-16,38.44110696,-122.71449820000001
160470220,2016-02-16,38.42393394,-122.729546
160470221,2016-02-16,38.45856933,-122.7095445
160470222,2016-02-16,38.432281,-122.7364231
160470223,2016-02-16,38.440041799999996,-122.7209865
160470224,2016-02-16,38.4484932,-122.6732267
160470226,2016-02-16,38.44036347,-122.70283090000001
160470227,2016-02-16,38.43535628,-122.7120801
160470228,2016-02-16,38.44562427,-122.7160877
160470229,2016-02-16,38.45884356,-122.7326085
160470230,2016-02-16,38.38717696,-122.7230377
160470231,2016-02-16,38.4538783,-122.7644923
160470232,2016-02-16,38.41433572,-122.7234498
160470233,2016-02-16,38.45166258,-122.74744609999999
160470235,2016-02-16,38.43998499,-122.7041983
160470236,2016-02-16,38.43467037,-122.7241972
160470237,2016-02-16,38.4453395,-122.7417051
160470239,2016-02-16,38.47297747,-122.72614070000002
160470240,2016-02-16,38.45496838,-122.6721729
160470242,2016-02-16,38.45884356,-122.7326085
160470243,2016-02-16,38.43779184,-122.7238764
160470244,2016-02-16,38.44389693,-122.708675
160470246,2016-02-16,38.41048084,-122.7045466
160470247,2016-02-16,38.46477946,-122.73624550000001
160470249,2016-02-16,38.43379235,-122.72040009999999
160470250,2016-02-16,38.45496838,-122.6721729
160470251,2016-02-16,38.443266799999996,-122.6922466
160470254,2016-02-16,38.465419,-122.726303
160470256,2016-02-16,38.43991081,-122.7128433
160470257,2016-02-16,38.44023055,-122.7145525
160470258,2016-02-16,38.45257733,-122.7579851
160470259,2016-02-16,38.46484878,-122.67379469999999
160470260,2016-02-16,38.47358266,-122.71336229999999
160470261,2016-02-16,38.44165364,-122.7306304
160470297,2016-02-16,38.41151265,-122.713498
160470262,2016-02-16,38.47993514,-122.65687679999999
160470263,2016-02-16,38.43612921,-122.74434109999999
160470266,2016-02-16,38.43323996,-122.6990088
160470267,2016-02-16,38.40971025,-122.7134884
160470268,2016-02-16,38.49805368,-122.7232929
160470269,2016-02-16,38.40285389,-122.71089180000001
160470270,2016-02-16,38.4299094,-122.7417259
160470271,2016-02-16,38.48064997,-122.6651565
160470272,2016-02-16,38.44389693,-122.708675
160470273,2016-02-16,38.45998363,-122.7346763
160470274,2016-02-16,38.453708,-122.678997
160470276,2016-02-16,38.44050956,-122.6562713
160470277,2016-02-16,38.44540732,-122.7394594
160470278,2016-02-16,38.429465,-122.693288
160470279,2016-02-16,38.46919178,-122.72937320000001
160470280,2016-02-16,38.45706108,-122.7373132
160470281,2016-02-16,38.45681756,-122.7449037
160470283,2016-02-16,38.43750841,-122.72865700000001
160470284,2016-02-16,38.43535628,-122.7120801
160470285,2016-02-16,38.41429399,-122.71748640000001
160470286,2016-02-16,38.45991177,-122.7284087
160470287,2016-02-16,38.47808499,-122.6715274
160470289,2016-02-16,38.42858737,-122.72693600000001
160470291,2016-02-16,38.42942138,-122.6759648
160470292,2016-02-16,38.4394771,-122.72221869999998
160470293,2016-02-16,38.43946541,-122.73761090000002
160470294,2016-02-16,38.41047651,-122.7064905
160470295,2016-02-16,38.44204309,-122.71949609999999
160470296,2016-02-16,38.44106649,-122.72008590000002
160470299,2016-02-16,38.44036347,-122.70283090000001
160470300,2016-02-16,38.45112279999999,-122.69179640000002
160470301,2016-02-16,38.44036347,-122.70283090000001
160470302,2016-02-16,38.46923636,-122.72199540000001
160470303,2016-02-16,38.43137011,-122.70806520000001
160470304,2016-02-16,38.48017046,-122.7422017
160470305,2016-02-16,38.44944902,-122.67927390000001
160470306,2016-02-16,38.46482899,-122.65142639999999
160470307,2016-02-16,38.45998808,-122.72469280000001
160470309,2016-02-16,38.44346007,-122.73020220000001
160470310,2016-02-16,38.44198325,-122.72407240000001
160470311,2016-02-16,38.44024639,-122.5825606
160470312,2016-02-16,38.46909751,-122.7393386
160470314,2016-02-16,38.44581039,-122.7304284
160470315,2016-02-16,38.45912349,-122.6654241
160470316,2016-02-16,38.48192334,-122.74273500000001
160470317,2016-02-16,38.47303949,-122.65542179999998
160470318,2016-02-16,38.40486727,-122.7195443
160470319,2016-02-16,38.45112279999999,-122.69179640000002
160470320,2016-02-16,38.47083037,-122.73245770000001
160470322,2016-02-16,38.41271566,-122.71948300000001
160470323,2016-02-16,38.44679807,-122.72251200000001
160470324,2016-02-16,38.44285521,-122.7017068
160470325,2016-02-16,38.413219700000006,-122.7135365
160470327,2016-02-16,38.41648924,-122.70742800000001
160470328,2016-02-16,38.45731191,-122.7696567
160470329,2016-02-16,38.46923636,-122.72199540000001
160470330,2016-02-16,38.43708074,-122.7408241
160470331,2016-02-16,38.41164352,-122.73429080000001
160470332,2016-02-16,38.44036347,-122.70283090000001
160470333,2016-02-16,38.46662813,-122.7430045
160470334,2016-02-16,38.45652477,-122.71560520000001
160470335,2016-02-16,38.45760065,-122.7266173
160470336,2016-02-16,38.44002475,-122.74113940000001
160470337,2016-02-16,38.43370644,-122.6872527
160470338,2016-02-16,38.41034738,-122.75705970000001
160470340,2016-02-16,38.460974,-122.72521499999999
160470341,2016-02-16,38.46421777,-122.72841559999999
160470342,2016-02-16,38.44023055,-122.7145525
160470343,2016-02-16,38.45991177,-122.7284087
160470345,2016-02-16,38.425103,-122.70460220000001
160470346,2016-02-16,38.43876378,-122.7216926
160470347,2016-02-16,38.42824412,-122.7353723
160470348,2016-02-16,38.45993819,-122.7267705
160470349,2016-02-16,38.47971181,-122.73813090000002
160470350,2016-02-16,38.44023055,-122.7145525
160470351,2016-02-16,38.43402241,-122.68804750000001
160470352,2016-02-16,38.40186649,-122.71348429999999
160470353,2016-02-16,38.42252519,-122.7642633
160470354,2016-02-16,38.455409499999995,-122.72817260000001
160470356,2016-02-16,38.4734039,-122.76805870000001
160470357,2016-02-16,38.452966499999995,-122.731721
160470358,2016-02-16,38.44050956,-122.6562713
160470360,2016-02-16,38.41906182,-122.70772959999998
160470361,2016-02-16,38.43800415,-122.7669201
160470362,2016-02-16,38.45254856,-122.7696375
160510174,2016-02-20,38.45997358,-122.73261799999999
160470363,2016-02-16,38.44583528,-122.7245675
160470364,2016-02-16,38.46415311,-122.7258716
160470365,2016-02-16,38.42674234,-122.7430645
160470366,2016-02-16,38.44507274,-122.6856783
160470367,2016-02-16,38.44389187,-122.7165195
160470368,2016-02-16,38.4299094,-122.7417259
160470369,2016-02-16,38.47021665,-122.7243183
160470370,2016-02-16,38.46873386,-122.74485390000001
160470371,2016-02-16,38.4452399,-122.75130279999999
160470372,2016-02-16,38.42570696,-122.72477040000001
160470374,2016-02-16,38.44540732,-122.7394594
160470376,2016-02-16,38.44502788,-122.7211998
160470377,2016-02-16,38.4394771,-122.72221869999998
160470378,2016-02-16,38.44451414,-122.68771240000001
160470379,2016-02-16,38.45856933,-122.7095445
160470380,2016-02-16,38.45991177,-122.7284087
160470381,2016-02-16,38.43903444,-122.71295049999999
160470382,2016-02-16,38.44053199,-122.70968880000001
160480001,2016-02-17,38.44524539,-122.75437520000001
160480002,2016-02-17,38.43101245,-122.7093524
160480003,2016-02-17,38.45996937,-122.73166409999999
160480005,2016-02-17,38.4380231,-122.77030900000001
160480006,2016-02-17,38.4410492,-122.74599740000002
160480007,2016-02-17,38.44339187,-122.674586
160480008,2016-02-17,38.42709837,-122.6955654
160480009,2016-02-17,38.45453356,-122.7393845
160480010,2016-02-17,38.43275302,-122.74586409999998
160480011,2016-02-17,38.42546158,-122.6692824
160480012,2016-02-17,38.4366384,-122.7097818
160480013,2016-02-17,38.43698542,-122.70643600000001
160480014,2016-02-17,38.42135934,-122.7147642
160480015,2016-02-17,38.455409499999995,-122.72817260000001
160480016,2016-02-17,38.44651609,-122.69694720000001
160480017,2016-02-17,38.42975173,-122.71133049999999
160480018,2016-02-17,38.45363033,-122.72840559999999
160480019,2016-02-17,38.4380231,-122.77030900000001
160480020,2016-02-17,38.45997246,-122.72571909999999
160480021,2016-02-17,38.44651609,-122.69694720000001
160480022,2016-02-17,38.4379375,-122.7615328
160480023,2016-02-17,38.44146345,-122.7398986
160480024,2016-02-17,38.46825468,-122.69910390000001
160480025,2016-02-17,38.46423828,-122.71643470000001
160480026,2016-02-17,38.46296651,-122.7164774
160480027,2016-02-17,38.46720043,-122.72433079999999
160480028,2016-02-17,38.44412612,-122.6813409
160480029,2016-02-17,38.46720043,-122.72433079999999
160480030,2016-02-17,38.46423312,-122.66327209999999
160480033,2016-02-17,38.47366415,-122.7332023
160480034,2016-02-17,38.409234000000005,-122.744983
160480035,2016-02-17,38.40172352,-122.71088229999998
160480037,2016-02-17,38.47206354,-122.7613553
160480039,2016-02-17,38.46713037,-122.76974709999999
160480040,2016-02-17,38.47686128,-122.7381217
160480042,2016-02-17,38.4706443,-122.72981340000001
160480043,2016-02-17,38.44577885,-122.72255679999999
160480044,2016-02-17,38.477852,-122.71588200000001
160480045,2016-02-17,38.44944902,-122.67927390000001
160480046,2016-02-17,38.44701863,-122.6863759
160480047,2016-02-17,38.46423312,-122.66327209999999
160480048,2016-02-17,38.44161484,-122.7289686
160480049,2016-02-17,38.44502788,-122.7211998
160480051,2016-02-17,38.44521652,-122.74903090000001
160480052,2016-02-17,38.445319500000004,-122.76781979999998
160480053,2016-02-17,38.46032734,-122.7213729
160480054,2016-02-17,38.42817314,-122.7322626
160480056,2016-02-17,38.44257364,-122.71124170000002
160480057,2016-02-17,38.44137585,-122.7419897
160480059,2016-02-17,38.47330973,-122.67563490000002
160480060,2016-02-17,38.44106649,-122.72008590000002
160480062,2016-02-17,38.42984924,-122.74171740000001
160480063,2016-02-17,38.44571788,-122.6859217
160480064,2016-02-17,38.44024639,-122.5825606
160480065,2016-02-17,38.45509327,-122.67828929999999
160480067,2016-02-17,38.44307872,-122.66281709999998
160480068,2016-02-17,38.46210603,-122.74463030000001
160480070,2016-02-17,38.42866101,-122.74153390000002
160480071,2016-02-17,38.44571788,-122.6859217
160480073,2016-02-17,38.47250672,-122.71009380000001
160480075,2016-02-17,38.42417658,-122.753153
160480076,2016-02-17,38.42866101,-122.74153390000002
160480078,2016-02-17,38.44451414,-122.68771240000001
160480079,2016-02-17,38.46210603,-122.74463030000001
160480081,2016-02-17,38.43182581,-122.7419237
160480082,2016-02-17,38.41582069,-122.7080223
160480083,2016-02-17,38.45974038,-122.7429957
160480084,2016-02-17,38.44023055,-122.7145525
160480085,2016-02-17,38.423881,-122.6551104
160480086,2016-02-17,38.44577885,-122.72255679999999
160480087,2016-02-17,38.45651115,-122.7362721
160480088,2016-02-17,38.45112279999999,-122.69179640000002
160480089,2016-02-17,38.43343219,-122.72632890000001
160480090,2016-02-17,38.44036347,-122.70283090000001
160480092,2016-02-17,38.44669518,-122.74461699999999
160480094,2016-02-17,38.4349256,-122.709445
160480095,2016-02-17,38.420051,-122.666452
160480096,2016-02-17,38.43675355,-122.73001770000002
160480097,2016-02-17,38.46407172,-122.64334009999999
160480098,2016-02-17,38.46248107,-122.6526422
160480100,2016-02-17,38.44797429,-122.72032709999999
160480101,2016-02-17,38.441549,-122.66048400000001
160480103,2016-02-17,38.46248107,-122.6526422
160480104,2016-02-17,38.4617073,-122.7055625
160480105,2016-02-17,38.43971531,-122.71565840000001
160480106,2016-02-17,38.45329286,-122.71442990000001
160480107,2016-02-17,38.44403502,-122.70426709999998
160480108,2016-02-17,38.46204646,-122.7256189
160480109,2016-02-17,38.44039704,-122.7117999
160480110,2016-02-17,38.43961792,-122.6764838
160480111,2016-02-17,38.45259823,-122.738419
160480112,2016-02-17,38.47993514,-122.65687679999999
160480113,2016-02-17,38.40849671,-122.7378652
160480114,2016-02-17,38.46760117,-122.7658288
160480115,2016-02-17,38.46101229,-122.71717120000001
160480116,2016-02-17,38.44063542,-122.6768163
160480117,2016-02-17,38.42703197,-122.6655563
160480118,2016-02-17,38.43961651,-122.7178412
160480119,2016-02-17,38.4017295,-122.7100702
160480120,2016-02-17,38.42703197,-122.6655563
160480122,2016-02-17,38.44379613,-122.706748
160480123,2016-02-17,38.44036347,-122.70283090000001
160480124,2016-02-17,38.43292154,-122.66832790000001
160480125,2016-02-17,38.412440600000004,-122.71658559999999
160480128,2016-02-17,38.43670258,-122.6812148
160480130,2016-02-17,38.44835078,-122.70819499999999
160480131,2016-02-17,38.45078141,-122.6752633
160480132,2016-02-17,38.45991177,-122.7284087
160480133,2016-02-17,38.46514621,-122.665481
160480134,2016-02-17,38.46514621,-122.665481
160480136,2016-02-17,38.42030020000001,-122.71351090000002
160480137,2016-02-17,38.43824121,-122.66612920000001
160480138,2016-02-17,38.43507143,-122.74134540000001
160480139,2016-02-17,38.4706443,-122.72981340000001
160480140,2016-02-17,38.43762047,-122.667158
160480141,2016-02-17,38.44732942,-122.6748584
160480142,2016-02-17,38.45884356,-122.7326085
160480143,2016-02-17,38.46101229,-122.71717120000001
160480145,2016-02-17,38.46912427,-122.7326346
160480146,2016-02-17,38.43762047,-122.667158
160480148,2016-02-17,38.44036347,-122.70283090000001
160480150,2016-02-17,38.4222799,-122.7185301
160480151,2016-02-17,38.44099396,-122.68618020000001
160480154,2016-02-17,38.46089678,-122.68263590000002
160480155,2016-02-17,38.43853683,-122.68543740000001
160480156,2016-02-17,38.46101229,-122.71717120000001
160480160,2016-02-17,38.44174877,-122.71309140000001
160480161,2016-02-17,38.4663482,-122.7583626
160480162,2016-02-17,38.44635696,-122.68615
160480163,2016-02-17,38.42205332,-122.72923259999999
160480164,2016-02-17,38.44736278,-122.68248429999998
160480167,2016-02-17,38.45909335,-122.71717520000001
160480168,2016-02-17,38.44674133,-122.6796364
160480169,2016-02-17,38.44036347,-122.70283090000001
160480170,2016-02-17,38.45998549,-122.7302449
160480171,2016-02-17,38.45880608,-122.717197
160480172,2016-02-17,38.46912427,-122.7326346
160480173,2016-02-17,38.44693885,-122.6920407
160480174,2016-02-17,38.443266799999996,-122.6922466
160480176,2016-02-17,38.45758929,-122.7178531
160480177,2016-02-17,38.45956577,-122.7190646
160480179,2016-02-17,38.44581039,-122.7304284
160480180,2016-02-17,38.44786948,-122.7562868
160480181,2016-02-17,38.44036347,-122.70283090000001
160480182,2016-02-17,38.44046206,-122.7140115
160480183,2016-02-17,38.43770367,-122.5848683
160480185,2016-02-17,38.46923636,-122.72199540000001
160480186,2016-02-17,38.43382248,-122.71176990000001
160480187,2016-02-17,38.40817655,-122.74145630000001
160480189,2016-02-17,38.42307419,-122.7173908
160480190,2016-02-17,38.44285521,-122.7017068
160510256,2016-02-20,38.45997829,-122.7406116
160480191,2016-02-17,38.43737101,-122.58407040000002
160480192,2016-02-17,38.40185186,-122.72326329999999
160480194,2016-02-17,38.453232899999996,-122.71198759999999
160480195,2016-02-17,38.44540732,-122.7394594
160480196,2016-02-17,38.46726343,-122.6750106
160480197,2016-02-17,38.46713963,-122.76485579999999
160480198,2016-02-17,38.46852999,-122.7232521
160480199,2016-02-17,38.45880608,-122.717197
160480200,2016-02-17,38.43379484,-122.74240049999999
160480203,2016-02-17,38.45061781,-122.7145354
160480208,2016-02-17,38.44323563,-122.74667679999999
160480211,2016-02-17,38.41648202,-122.700151
160480212,2016-02-17,38.43861178,-122.73466770000002
160480213,2016-02-17,38.45880608,-122.717197
160480214,2016-02-17,38.42120417,-122.71350090000001
160480216,2016-02-17,38.46414468,-122.7224179
160480217,2016-02-17,38.430666200000005,-122.71064809999999
160480218,2016-02-17,38.46961666,-122.64672079999998
160480219,2016-02-17,38.44036347,-122.70283090000001
160480220,2016-02-17,38.476134,-122.662796
160480221,2016-02-17,38.46415311,-122.7258716
160480222,2016-02-17,38.44750245,-122.70091869999999
160480223,2016-02-17,38.45998549,-122.7302449
160480224,2016-02-17,38.46235693,-122.7511932
160480225,2016-02-17,38.44114633,-122.71012549999999
160480227,2016-02-17,38.43383523,-122.6701507
160480228,2016-02-17,38.47297747,-122.72614070000002
160480229,2016-02-17,38.44038228,-122.7161508
160480230,2016-02-17,38.43452,-122.5795
160480231,2016-02-17,38.41442702,-122.7194817
160480232,2016-02-17,38.44750245,-122.70091869999999
160480234,2016-02-17,38.41211271,-122.74136740000002
160480235,2016-02-17,38.4598705,-122.74150900000001
160480236,2016-02-17,38.46172539,-122.7696703
160480237,2016-02-17,38.45332356,-122.71574790000001
160480239,2016-02-17,38.413219700000006,-122.7135365
160480240,2016-02-17,38.43263618,-122.7260264
160480241,2016-02-17,38.43998499,-122.7041983
160480242,2016-02-17,38.44474263,-122.70504150000001
160480243,2016-02-17,38.45956577,-122.7190646
160480244,2016-02-17,38.44577885,-122.72255679999999
160480245,2016-02-17,38.44036347,-122.70283090000001
160480246,2016-02-17,38.44875491,-122.71462029999999
160480247,2016-02-17,38.45998549,-122.7302449
160480248,2016-02-17,38.44449001,-122.69554
160480250,2016-02-17,38.43799433,-122.70998449999999
160480251,2016-02-17,38.47686128,-122.7381217
160480252,2016-02-17,38.43827333,-122.71251090000001
160480253,2016-02-17,38.47686128,-122.7381217
160480254,2016-02-17,38.44583528,-122.7245675
160480256,2016-02-17,38.4706443,-122.72981340000001
160480257,2016-02-17,38.44110696,-122.71449820000001
160480258,2016-02-17,38.41034738,-122.75705970000001
160480259,2016-02-17,38.45288227,-122.68142069999999
160480261,2016-02-17,38.47428388,-122.72853570000001
160480264,2016-02-17,38.40218648,-122.71088030000001
160480265,2016-02-17,38.43971531,-122.71565840000001
160480266,2016-02-17,38.45259497,-122.670344
160480267,2016-02-17,38.46624529,-122.73264820000001
160480268,2016-02-17,38.43263618,-122.7260264
160480269,2016-02-17,38.43903444,-122.71295049999999
160480271,2016-02-17,38.44165364,-122.7306304
160480272,2016-02-17,38.4323645,-122.704449
160480273,2016-02-17,38.44173424,-122.68725659999998
160480274,2016-02-17,38.44007818,-122.69002579999999
160480275,2016-02-17,38.44036347,-122.70283090000001
160480276,2016-02-17,38.45584519,-122.6791175
160480277,2016-02-17,38.43525419,-122.6859145
160480278,2016-02-17,38.45938071,-122.73149309999998
160480281,2016-02-17,38.448475,-122.732201
160480283,2016-02-17,38.440015700000004,-122.7231669
160480284,2016-02-17,38.44072571,-122.71343290000002
160480285,2016-02-17,38.48171874,-122.70485009999999
160480288,2016-02-17,38.46275693,-122.74931380000001
160480289,2016-02-17,38.45154944,-122.66967520000001
160480291,2016-02-17,38.44036347,-122.70283090000001
160480292,2016-02-17,38.46426095,-122.66929579999999
160480293,2016-02-17,38.42965398,-122.7158453
160480294,2016-02-17,38.47739421,-122.6558195
160480295,2016-02-17,38.44036347,-122.70283090000001
160480296,2016-02-17,38.44876549,-122.7265313
160480297,2016-02-17,38.45363033,-122.72840559999999
160480298,2016-02-17,38.45730241,-122.6712994
160480299,2016-02-17,38.44036347,-122.70283090000001
160480300,2016-02-17,38.42709837,-122.6955654
160480302,2016-02-17,38.42173334,-122.7437504
160480303,2016-02-17,38.45884356,-122.7326085
160480304,2016-02-17,38.4452399,-122.75130279999999
160480305,2016-02-17,38.45257733,-122.7579851
160480306,2016-02-17,38.426798600000005,-122.73519809999999
160480307,2016-02-17,38.47428388,-122.72853570000001
160480309,2016-02-17,38.46545044,-122.7224179
160480310,2016-02-17,38.44564739,-122.7177125
160480312,2016-02-17,38.44972,-122.68848009999999
160480314,2016-02-17,38.43343219,-122.72632890000001
160480315,2016-02-17,38.45803531,-122.6729237
160480316,2016-02-17,38.43525419,-122.6859145
160480317,2016-02-17,38.44038228,-122.7161508
160480320,2016-02-17,38.43155338,-122.752573
160480322,2016-02-17,38.45045002,-122.75132109999998
160480323,2016-02-17,38.44705308,-122.72893190000002
160480326,2016-02-17,38.46499934,-122.73263840000001
160480327,2016-02-17,38.42858737,-122.72693600000001
160480328,2016-02-17,38.4452399,-122.75130279999999
160480329,2016-02-17,38.48171874,-122.70485009999999
160480331,2016-02-17,38.44669518,-122.74461699999999
160480332,2016-02-17,38.43876378,-122.7216926
160480333,2016-02-17,38.45998099,-122.73801110000001
160480334,2016-02-17,38.46919178,-122.72937320000001
160480335,2016-02-17,38.46854539,-122.710472
160480336,2016-02-17,38.45045002,-122.75132109999998
160480337,2016-02-17,38.44204309,-122.71949609999999
160480338,2016-02-17,38.46170103,-122.7151804
160480339,2016-02-17,38.44206222,-122.71239409999998
160480340,2016-02-17,38.42674234,-122.7430645
160480341,2016-02-17,38.41651065,-122.7058
160480342,2016-02-17,38.41565116,-122.75395970000001
160480343,2016-02-17,38.47827155,-122.7161967
160480345,2016-02-17,38.47303669,-122.76481229999999
160480346,2016-02-17,38.4640649,-122.737472
160480347,2016-02-17,38.4494367,-122.69835929999999
160490002,2016-02-18,38.44098107,-122.6042202
160490004,2016-02-18,38.44978962,-122.752269
160490005,2016-02-18,38.47686128,-122.7381217
160490006,2016-02-18,38.45453356,-122.7393845
160490007,2016-02-18,38.4379375,-122.7615328
160490009,2016-02-18,38.46421777,-122.72841559999999
160490010,2016-02-18,38.4380231,-122.77030900000001
160490011,2016-02-18,38.42943412,-122.6682836
160490012,2016-02-18,38.44585316,-122.7555475
160490013,2016-02-18,38.40971025,-122.7134884
160490014,2016-02-18,38.45258756,-122.7513351
160490016,2016-02-18,38.42120417,-122.71350090000001
160490018,2016-02-18,38.44668339,-122.7177146
160490019,2016-02-18,38.43379484,-122.74240049999999
160490022,2016-02-18,38.46081666,-122.71832040000001
160490023,2016-02-18,38.445991799999994,-122.7096136
160490024,2016-02-18,38.45406102,-122.7340969
160490025,2016-02-18,38.43903444,-122.71295049999999
160490027,2016-02-18,38.41116029999999,-122.7591804
160490028,2016-02-18,38.46421777,-122.72841559999999
160490029,2016-02-18,38.44285521,-122.7017068
160490031,2016-02-18,38.44978962,-122.752269
160490035,2016-02-18,38.43684506,-122.70821090000001
160490036,2016-02-18,38.45258756,-122.7513351
160490038,2016-02-18,38.43379484,-122.74240049999999
160490039,2016-02-18,38.45873641,-122.67438670000001
160490040,2016-02-18,38.43379484,-122.74240049999999
160490041,2016-02-18,38.47703934,-122.67629109999999
160490043,2016-02-18,38.4384119,-122.6968065
160490044,2016-02-18,38.4419527,-122.7107402
160490046,2016-02-18,38.46714529,-122.7562925
160490047,2016-02-18,38.45490251,-122.7696699
160490049,2016-02-18,38.44121202,-122.7123828
160490051,2016-02-18,38.45576138,-122.7264186
160490052,2016-02-18,38.41997037,-122.7433281
160490053,2016-02-18,38.44197802,-122.71732620000002
160490055,2016-02-18,38.45884356,-122.7326085
160490056,2016-02-18,38.41997037,-122.7433281
160490057,2016-02-18,38.46713037,-122.76974709999999
160490058,2016-02-18,38.45496838,-122.6721729
160490059,2016-02-18,38.49805368,-122.7232929
160490060,2016-02-18,38.45264925,-122.7354991
160490061,2016-02-18,38.45045002,-122.75132109999998
160490062,2016-02-18,38.43991081,-122.7128433
160490064,2016-02-18,38.438448,-122.73164799999999
160490066,2016-02-18,38.41906182,-122.70772959999998
160490067,2016-02-18,38.4453395,-122.7417051
160490068,2016-02-18,38.44036347,-122.70283090000001
160490070,2016-02-18,38.43861178,-122.73466770000002
160490071,2016-02-18,38.46469778,-122.6612372
160490073,2016-02-18,38.42762049,-122.7103777
160490075,2016-02-18,38.44263313,-122.7245873
160490076,2016-02-18,38.46311909,-122.7182737
160490077,2016-02-18,38.40890187,-122.7134972
160490078,2016-02-18,38.46382977,-122.76461429999999
160490079,2016-02-18,38.432156,-122.73776200000002
160490082,2016-02-18,38.43731965,-122.7248617
160490083,2016-02-18,38.45363033,-122.72840559999999
160490084,2016-02-18,38.43903444,-122.71295049999999
160490085,2016-02-18,38.43234501,-122.7592631
160490086,2016-02-18,38.44876877,-122.67221440000002
160490088,2016-02-18,38.44491314,-122.7072841
160490089,2016-02-18,38.4642155,-122.7302291
160490092,2016-02-18,38.47057796,-122.73832979999999
160490094,2016-02-18,38.45406102,-122.7340969
160490095,2016-02-18,38.42894733,-122.73236999999999
160490096,2016-02-18,38.46426095,-122.66929579999999
160490097,2016-02-18,38.42283683,-122.74076459999999
160490098,2016-02-18,38.42866101,-122.74153390000002
160490099,2016-02-18,38.43101245,-122.7093524
160490100,2016-02-18,38.43965855,-122.71341480000001
160490101,2016-02-18,38.46505683,-122.65784140000001
160490102,2016-02-18,38.44574329,-122.7035462
160490103,2016-02-18,38.47148370000001,-122.73962809999999
160490105,2016-02-18,38.40844715,-122.7134993
160490106,2016-02-18,38.46563068,-122.7512033
160490107,2016-02-18,38.40923989,-122.74594640000001
160490108,2016-02-18,38.44121202,-122.7123828
160490109,2016-02-18,38.4440092,-122.60896629999999
160490111,2016-02-18,38.40185186,-122.72326329999999
160490112,2016-02-18,38.43861178,-122.73466770000002
160490114,2016-02-18,38.42620542,-122.6918416
160490115,2016-02-18,38.43750841,-122.72865700000001
160490116,2016-02-18,38.432080299999996,-122.7190497
160490117,2016-02-18,38.44389693,-122.708675
160490118,2016-02-18,38.46101229,-122.71717120000001
160490119,2016-02-18,38.42066924,-122.71856149999999
160490120,2016-02-18,38.4419527,-122.7107402
160490121,2016-02-18,38.42330782,-122.72818810000001
160490122,2016-02-18,38.45996937,-122.73166409999999
160490123,2016-02-18,38.44114633,-122.71012549999999
160490124,2016-02-18,38.42197193,-122.7103328
160490125,2016-02-18,38.427921999999995,-122.715473
160490126,2016-02-18,38.42372005,-122.73043349999999
160490128,2016-02-18,38.43457974,-122.68357749999998
160490130,2016-02-18,38.46518941,-122.72434309999998
160490131,2016-02-18,38.44173424,-122.68725659999998
160490132,2016-02-18,38.42197193,-122.7103328
160490136,2016-02-18,38.43788221,-122.7257355
160490137,2016-02-18,38.42315637,-122.74391899999999
160490138,2016-02-18,38.43397971,-122.74611159999999
160490139,2016-02-18,38.44036347,-122.70283090000001
160490140,2016-02-18,38.46912427,-122.7326346
160490141,2016-02-18,38.45154944,-122.66967520000001
160490142,2016-02-18,38.44036347,-122.70283090000001
160490144,2016-02-18,38.44036347,-122.70283090000001
160490145,2016-02-18,38.41480879,-122.7590324
160490146,2016-02-18,38.44274724,-122.72123329999998
160490148,2016-02-18,38.42978207,-122.7194327
160490149,2016-02-18,38.47358266,-122.71336229999999
160490150,2016-02-18,38.44106649,-122.72008590000002
160490152,2016-02-18,38.44167409,-122.73524099999999
160490153,2016-02-18,38.45254856,-122.7696375
160490154,2016-02-18,38.45496854,-122.7173537
160490157,2016-02-18,38.42948346,-122.7173832
160490158,2016-02-18,38.432156,-122.73776200000002
160490160,2016-02-18,38.43507093,-122.70536129999999
160490161,2016-02-18,38.4458612,-122.68794270000001
160490165,2016-02-18,38.44635696,-122.68615
160490168,2016-02-18,38.43589514,-122.5906571
160490170,2016-02-18,38.43630332,-122.75033540000001
160490172,2016-02-18,38.46296651,-122.7164774
160490173,2016-02-18,38.45597786,-122.73711570000002
160490174,2016-02-18,38.441824600000004,-122.657552
160490175,2016-02-18,38.448648,-122.75248219999999
160490176,2016-02-18,38.47445236,-122.6620158
160490177,2016-02-18,38.42823724,-122.6639304
160490178,2016-02-18,38.47037713,-122.7229361
160490179,2016-02-18,38.46101229,-122.71717120000001
160490180,2016-02-18,38.46675429,-122.6740923
160490184,2016-02-18,38.42131039,-122.70479099999999
160490185,2016-02-18,38.48276707,-122.6650637
160490186,2016-02-18,38.46714529,-122.7562925
160490187,2016-02-18,38.46954965,-122.7596794
160490188,2016-02-18,38.43019484,-122.72711840000001
160490190,2016-02-18,38.46210603,-122.74463030000001
160490191,2016-02-18,38.46204646,-122.7256189
160490192,2016-02-18,38.45082185,-122.6954202
160490193,2016-02-18,38.41116029999999,-122.7591804
160490195,2016-02-18,38.45651115,-122.7362721
160490196,2016-02-18,38.44751126,-122.76564599999999
160490197,2016-02-18,38.45554777,-122.67789259999999
160490199,2016-02-18,38.45406102,-122.7340969
160490200,2016-02-18,38.44140591,-122.74122890000001
160490201,2016-02-18,38.45993819,-122.7267705
160490202,2016-02-18,38.41952472,-122.6956676
160490203,2016-02-18,38.41952472,-122.6956676
160490205,2016-02-18,38.45812259,-122.7358441
160490207,2016-02-18,38.4453395,-122.7417051
160490208,2016-02-18,38.45812259,-122.7358441
160490209,2016-02-18,38.447672999999995,-122.736038
160490210,2016-02-18,38.461223499999996,-122.6805096
160490211,2016-02-18,38.44036347,-122.70283090000001
160490212,2016-02-18,38.44036347,-122.70283090000001
160490213,2016-02-18,38.43876378,-122.7216926
160490214,2016-02-18,38.46505683,-122.65784140000001
160490215,2016-02-18,38.46172539,-122.7696703
160490216,2016-02-18,38.44424501,-122.66164609999998
160490218,2016-02-18,38.47653795,-122.76981409999998
160490219,2016-02-18,38.44166603,-122.6981038
160490221,2016-02-18,38.43805776,-122.7211803
160490223,2016-02-18,38.43477608,-122.736604
160490226,2016-02-18,38.47337382,-122.7550835
160490228,2016-02-18,38.45884356,-122.7326085
160490229,2016-02-18,38.43737101,-122.58407040000002
160490230,2016-02-18,38.45884356,-122.7326085
160490232,2016-02-18,38.46873386,-122.74485390000001
160490233,2016-02-18,38.44036347,-122.70283090000001
160490234,2016-02-18,38.42748104,-122.7044132
160490235,2016-02-18,38.44204309,-122.71949609999999
160490236,2016-02-18,38.44036347,-122.70283090000001
160490238,2016-02-18,38.44474263,-122.70504150000001
160490239,2016-02-18,38.47897741,-122.76983259999999
160490240,2016-02-18,38.4331949,-122.7341129
160490241,2016-02-18,38.44121202,-122.7123828
160490242,2016-02-18,38.45760065,-122.7266173
160490243,2016-02-18,38.48320801,-122.73461189999999
160490244,2016-02-18,38.43684506,-122.70821090000001
160490247,2016-02-18,38.44558108,-122.73587739999999
160490248,2016-02-18,38.46410591,-122.7465287
160490250,2016-02-18,38.43903444,-122.71295049999999
160490251,2016-02-18,38.48320801,-122.73461189999999
160490252,2016-02-18,38.4317809,-122.720331
160490254,2016-02-18,38.44036347,-122.70283090000001
160490256,2016-02-18,38.40172352,-122.71088229999998
160490257,2016-02-18,38.45406102,-122.7340969
160490258,2016-02-18,38.44879456,-122.71594180000001
160490259,2016-02-18,38.44036347,-122.70283090000001
160490261,2016-02-18,38.4394771,-122.72221869999998
160490262,2016-02-18,38.4280234,-122.7250038
160490263,2016-02-18,38.45144733,-122.74240959999999
160490264,2016-02-18,38.44036347,-122.70283090000001
160490265,2016-02-18,38.4267074,-122.7186929
160490266,2016-02-18,38.47543794,-122.6721236
160490268,2016-02-18,38.44036347,-122.70283090000001
160490270,2016-02-18,38.43511943,-122.69815990000002
160490271,2016-02-18,38.476134,-122.662796
160490272,2016-02-18,38.43992913,-122.7193773
160490273,2016-02-18,38.41433572,-122.7234498
160490274,2016-02-18,38.46311909,-122.7182737
160490275,2016-02-18,38.44273969,-122.71568059999998
160490277,2016-02-18,38.45496838,-122.6721729
160490278,2016-02-18,38.44204325,-122.6967259
160490279,2016-02-18,38.44273969,-122.71568059999998
160490280,2016-02-18,38.45938071,-122.73149309999998
160490283,2016-02-18,38.43903444,-122.71295049999999
160490284,2016-02-18,38.41649031,-122.70427279999998
160490285,2016-02-18,38.45991177,-122.7284087
160490286,2016-02-18,38.43157903,-122.75490659999998
160490287,2016-02-18,38.45336896,-122.717404
160490288,2016-02-18,38.44389693,-122.708675
160490289,2016-02-18,38.47496921,-122.6745622
160490290,2016-02-18,38.4384119,-122.6968065
160490291,2016-02-18,38.4706443,-122.72981340000001
160490292,2016-02-18,38.44036347,-122.70283090000001
160490293,2016-02-18,38.46101047,-122.71060890000001
160490294,2016-02-18,38.41627493,-122.7022439
160490295,2016-02-18,38.44546397,-122.71089909999999
160490296,2016-02-18,38.45307557,-122.70612479999998
160490297,2016-02-18,38.44036347,-122.70283090000001
160490298,2016-02-18,38.45880608,-122.717197
160490299,2016-02-18,38.4452399,-122.75130279999999
160490300,2016-02-18,38.43457974,-122.68357749999998
160490301,2016-02-18,38.46204646,-122.7256189
160490302,2016-02-18,38.44972,-122.68848009999999
160490304,2016-02-18,38.46165335,-122.7549884
160490305,2016-02-18,38.46421777,-122.72841559999999
160490306,2016-02-18,38.48232703,-122.71457209999998
160490307,2016-02-18,38.42758836,-122.691824
160490308,2016-02-18,38.44050956,-122.6562713
160490309,2016-02-18,38.46912427,-122.7326346
160490310,2016-02-18,38.46505778,-122.71938200000001
160490311,2016-02-18,38.43563918,-122.76455659999999
160490312,2016-02-18,38.44165364,-122.7306304
160490313,2016-02-18,38.44036347,-122.70283090000001
160490314,2016-02-18,38.46709833,-122.7512155
160490315,2016-02-18,38.42869339,-122.7107166
160490317,2016-02-18,38.41518155,-122.7135236
160490318,2016-02-18,38.47148370000001,-122.73962809999999
160490319,2016-02-18,38.41259774,-122.7380221
160490320,2016-02-18,38.43234501,-122.7592631
160490321,2016-02-18,38.45880608,-122.717197
160490322,2016-02-18,38.42866101,-122.74153390000002
160490323,2016-02-18,38.45880608,-122.717197
160490324,2016-02-18,38.42325793,-122.81068909999998
160490325,2016-02-18,38.45223866,-122.67185479999999
160490326,2016-02-18,38.46421777,-122.72841559999999
160490327,2016-02-18,38.465888,-122.741677
160490328,2016-02-18,38.45258756,-122.7513351
160490329,2016-02-18,38.42291731,-122.70760179999999
160490330,2016-02-18,38.45088481,-122.7696476
160490331,2016-02-18,38.47971181,-122.73813090000002
160490332,2016-02-18,38.46101229,-122.71717120000001
160490333,2016-02-18,38.47917591,-122.72859240000001
160490335,2016-02-18,38.42386438,-122.7081955
160490336,2016-02-18,38.46263495,-122.71238840000001
160490337,2016-02-18,38.47553201,-122.73060520000001
160490338,2016-02-18,38.42030020000001,-122.71351090000002
160490339,2016-02-18,38.47319217,-122.6673597
160490341,2016-02-18,38.46919178,-122.72937320000001
160490342,2016-02-18,38.46912427,-122.7326346
160490343,2016-02-18,38.41030288,-122.7094955
160490344,2016-02-18,38.47471494,-122.7286683
160490346,2016-02-18,38.45803531,-122.6729237
160490347,2016-02-18,38.44858629,-122.7544753
160490348,2016-02-18,38.44036347,-122.70283090000001
160490349,2016-02-18,38.47203543,-122.7331572
160490351,2016-02-18,38.43323996,-122.6990088
160490352,2016-02-18,38.45991177,-122.7284087
160490353,2016-02-18,38.43701961,-122.7158571
160490354,2016-02-18,38.4642155,-122.7302291
160490355,2016-02-18,38.43800758,-122.76873909999998
160490356,2016-02-18,38.45154944,-122.66967520000001
160490357,2016-02-18,38.43917341,-122.7287806
160490358,2016-02-18,38.47970235,-122.73446640000002
160490359,2016-02-18,38.44072571,-122.71343290000002
160490362,2016-02-18,38.43799433,-122.70998449999999
160490364,2016-02-18,38.459121,-122.70243700000002
160490365,2016-02-18,38.45884356,-122.7326085
160490366,2016-02-18,38.42009169,-122.70202739999999
160490367,2016-02-18,38.43800758,-122.76873909999998
160490369,2016-02-18,38.42902192,-122.76938090000002
160490370,2016-02-18,38.41429399,-122.71748640000001
160490372,2016-02-18,38.42674234,-122.7430645
160490373,2016-02-18,38.43965855,-122.71341480000001
160490374,2016-02-18,38.44050956,-122.6562713
160490375,2016-02-18,38.45993819,-122.7267705
160490376,2016-02-18,38.40561156,-122.71347479999999
160490377,2016-02-18,38.4379375,-122.7615328
160490378,2016-02-18,38.47971079,-122.7352915
160490379,2016-02-18,38.44664747,-122.67706609999999
160490380,2016-02-18,38.448475,-122.732201
160490381,2016-02-18,38.43163437,-122.76087
160490382,2016-02-18,38.47148370000001,-122.73962809999999
160490384,2016-02-18,38.45154944,-122.66967520000001
160490385,2016-02-18,38.42266675,-122.71351979999999
160490386,2016-02-18,38.44654316,-122.6880353
160490388,2016-02-18,38.4452399,-122.75130279999999
160490389,2016-02-18,38.46623454,-122.73023130000001
160490390,2016-02-18,38.4452399,-122.75130279999999
160490391,2016-02-18,38.43326741,-122.75992439999999
160490392,2016-02-18,38.42662926,-122.70681909999999
160490393,2016-02-18,38.44557246,-122.714771
160490394,2016-02-18,38.41030288,-122.7094955
160490396,2016-02-18,38.42220738,-122.70710849999999
160490399,2016-02-18,38.44091148,-122.70085220000001
160490400,2016-02-18,38.44546397,-122.71089909999999
160490403,2016-02-18,38.40218648,-122.71088030000001
160490404,2016-02-18,38.43992913,-122.7193773
160490405,2016-02-18,38.42799584,-122.668269
160490406,2016-02-18,38.43525419,-122.6859145
160490407,2016-02-18,38.43379484,-122.74240049999999
160490408,2016-02-18,38.41763017,-122.71351940000001
160490409,2016-02-18,38.4379375,-122.7615328
160490410,2016-02-18,38.43275302,-122.74586409999998
160490411,2016-02-18,38.45997829,-122.7406116
160490412,2016-02-18,38.46296651,-122.7164774
160490413,2016-02-18,38.43164326,-122.7053655
160490414,2016-02-18,38.41763017,-122.71351940000001
160490415,2016-02-18,38.4642155,-122.7302291
160490417,2016-02-18,38.4796987,-122.7477757
160490418,2016-02-18,38.44389187,-122.7165195
160490420,2016-02-18,38.42887399,-122.67699640000002
160490421,2016-02-18,38.42030020000001,-122.71351090000002
160490422,2016-02-18,38.43516241,-122.68761950000001
160490423,2016-02-18,38.44554349,-122.71352350000001
160490425,2016-02-18,38.44299821,-122.67857250000002
160490426,2016-02-18,38.45584519,-122.6791175
160490427,2016-02-18,38.43024644,-122.7269034
160490428,2016-02-18,38.47971181,-122.73813090000002
160490429,2016-02-18,38.4379375,-122.7615328
160490430,2016-02-18,38.44072571,-122.71343290000002
160490431,2016-02-18,38.45993819,-122.7267705
160490432,2016-02-18,38.45998549,-122.7302449
160490434,2016-02-18,38.41030288,-122.7094955
160500002,2016-02-19,38.43776285,-122.7142084
160500003,2016-02-19,38.44036347,-122.70283090000001
160500004,2016-02-19,38.44306762,-122.7140585
160500005,2016-02-19,38.44668339,-122.7177146
160500006,2016-02-19,38.43294769,-122.7445656
160500007,2016-02-19,38.42866101,-122.74153390000002
160500008,2016-02-19,38.44140591,-122.74122890000001
160500009,2016-02-19,38.45956577,-122.7190646
160500011,2016-02-19,38.44039215,-122.7411619
160500012,2016-02-19,38.42852146,-122.7079301
160500014,2016-02-19,38.43379484,-122.74240049999999
160500015,2016-02-19,38.47598208,-122.73298249999999
160500016,2016-02-19,38.47471494,-122.7286683
160500017,2016-02-19,38.4311399,-122.58077959999999
160500018,2016-02-19,38.443593,-122.763919
160500019,2016-02-19,38.42984924,-122.74171740000001
160500021,2016-02-19,38.42866101,-122.74153390000002
160500022,2016-02-19,38.43971531,-122.71565840000001
160500023,2016-02-19,38.47083037,-122.73245770000001
160500024,2016-02-19,38.427652,-122.745051
160500025,2016-02-19,38.434957399999995,-122.6823515
160500026,2016-02-19,38.42071863,-122.7044997
160500027,2016-02-19,38.45803531,-122.6729237
160500028,2016-02-19,38.44121202,-122.7123828
160500030,2016-02-19,38.44121202,-122.7123828
160500031,2016-02-19,38.46709833,-122.7512155
160500032,2016-02-19,38.46424047,-122.7143848
160500034,2016-02-19,38.44106649,-122.72008590000002
160500035,2016-02-19,38.465419,-122.726303
160500036,2016-02-19,38.44733315,-122.70681929999999
160500037,2016-02-19,38.42894733,-122.73236999999999
160500038,2016-02-19,38.42754179,-122.764606
160500039,2016-02-19,38.42631489,-122.7483847
160500040,2016-02-19,38.48175184,-122.658198
160500041,2016-02-19,38.47287954,-122.661204
160500042,2016-02-19,38.45997829,-122.7406116
160500043,2016-02-19,38.46911416,-122.7036761
160500045,2016-02-19,38.46121774,-122.71653300000001
160500046,2016-02-19,38.42320746,-122.73936950000001
160500047,2016-02-19,38.43967242,-122.6650192
160500048,2016-02-19,38.41423123,-122.72930159999999
160500049,2016-02-19,38.43023821,-122.6720078
160500050,2016-02-19,38.44121202,-122.7123828
160500051,2016-02-19,38.41151265,-122.713498
160500052,2016-02-19,38.46733684,-122.73472190000001
160500053,2016-02-19,38.45402786,-122.7264021
160500054,2016-02-19,38.452966499999995,-122.731721
160500055,2016-02-19,38.47297747,-122.72614070000002
160500056,2016-02-19,38.45998229,-122.7403416
160500057,2016-02-19,38.44046206,-122.7140115
160500058,2016-02-19,38.43665196,-122.71227809999999
160500059,2016-02-19,38.47307303,-122.6994196
160500060,2016-02-19,38.42965398,-122.7158453
160500061,2016-02-19,38.46081666,-122.71832040000001
160500062,2016-02-19,38.45884356,-122.7326085
160500063,2016-02-19,38.46199495,-122.74714209999999
160500065,2016-02-19,38.44036347,-122.70283090000001
160500066,2016-02-19,38.47376852,-122.65868710000001
160500067,2016-02-19,38.4414286,-122.71379180000001
160500068,2016-02-19,38.46892046,-122.6757947
160500069,2016-02-19,38.41811952,-122.74019720000001
160500070,2016-02-19,38.43424672,-122.6739774
160500071,2016-02-19,38.47307303,-122.6994196
160500072,2016-02-19,38.42984924,-122.74171740000001
160500073,2016-02-19,38.47247575,-122.7306991
160500075,2016-02-19,38.42832818,-122.73498219999999
160500076,2016-02-19,38.46447702,-122.6866385
160500077,2016-02-19,38.46172539,-122.7696703
160500078,2016-02-19,38.42894733,-122.73236999999999
160500079,2016-02-19,38.44036347,-122.70283090000001
160500080,2016-02-19,38.44962047,-122.7504345
160500081,2016-02-19,38.44036347,-122.70283090000001
160500082,2016-02-19,38.44107108,-122.7002737
160500083,2016-02-19,38.4642155,-122.7302291
160500084,2016-02-19,38.44589407,-122.726646
160500085,2016-02-19,38.44140591,-122.74122890000001
160500086,2016-02-19,38.45069832,-122.74000759999998
160500087,2016-02-19,38.4331949,-122.7341129
160500088,2016-02-19,38.46176031,-122.67097209999999
160500089,2016-02-19,38.42135934,-122.7147642
160500091,2016-02-19,38.44771679,-122.71221129999999
160500092,2016-02-19,38.41205896,-122.74207220000001
160500093,2016-02-19,38.43150375,-122.68053020000002
160500095,2016-02-19,38.45069832,-122.74000759999998
160500096,2016-02-19,38.45112279999999,-122.69179640000002
160500097,2016-02-19,38.45998363,-122.7346763
160500098,2016-02-19,38.46121774,-122.71653300000001
160500099,2016-02-19,38.41978431,-122.74225659999999
160500100,2016-02-19,38.48216709,-122.6723959
160500101,2016-02-19,38.43294424,-122.7620077
160500102,2016-02-19,38.42631489,-122.7483847
160500103,2016-02-19,38.4280234,-122.7250038
160500104,2016-02-19,38.44036347,-122.70283090000001
160500105,2016-02-19,38.44204309,-122.71949609999999
160500106,2016-02-19,38.44571788,-122.6859217
160500107,2016-02-19,38.47929434,-122.6577925
160500108,2016-02-19,38.438448,-122.73164799999999
160500109,2016-02-19,38.43370644,-122.6872527
160500110,2016-02-19,38.44474263,-122.70504150000001
160500111,2016-02-19,38.47686128,-122.7381217
160500112,2016-02-19,38.41646084,-122.709951
160500113,2016-02-19,38.41646107,-122.70881059999999
160500114,2016-02-19,38.4335226,-122.7642543
160500115,2016-02-19,38.4453395,-122.7417051
160500116,2016-02-19,38.45760065,-122.7266173
160500118,2016-02-19,38.4706443,-122.72981340000001
160500119,2016-02-19,38.44036347,-122.70283090000001
160500120,2016-02-19,38.44581039,-122.7304284
160500121,2016-02-19,38.45681756,-122.7449037
160500122,2016-02-19,38.42206163,-122.66920479999999
160500123,2016-02-19,38.45884356,-122.7326085
160500124,2016-02-19,38.45884356,-122.7326085
160500125,2016-02-19,38.45884356,-122.7326085
160500126,2016-02-19,38.43757522,-122.68170490000001
160500127,2016-02-19,38.45884356,-122.7326085
160500128,2016-02-19,38.45884356,-122.7326085
160500129,2016-02-19,38.45884356,-122.7326085
160500130,2016-02-19,38.45884356,-122.7326085
160500131,2016-02-19,38.45884356,-122.7326085
160500132,2016-02-19,38.45884356,-122.7326085
160500133,2016-02-19,38.45336896,-122.717404
160500134,2016-02-19,38.42138951,-122.6691893
160500135,2016-02-19,38.43223811,-122.58350630000001
160500138,2016-02-19,38.441549,-122.66048400000001
160500139,2016-02-19,38.44036347,-122.70283090000001
160500140,2016-02-19,38.4515494,-122.7174904
160500141,2016-02-19,38.44165364,-122.7306304
160500142,2016-02-19,38.41646084,-122.709951
160500143,2016-02-19,38.46311909,-122.7182737
160500144,2016-02-19,38.41252081,-122.7590568
160500145,2016-02-19,38.4706443,-122.72981340000001
160500147,2016-02-19,38.45991177,-122.7284087
160500150,2016-02-19,38.47428388,-122.72853570000001
160500151,2016-02-19,38.45956577,-122.7190646
160500152,2016-02-19,38.44036347,-122.70283090000001
160500153,2016-02-19,38.43385735,-122.74417679999999
160500154,2016-02-19,38.45956577,-122.7190646
160500155,2016-02-19,38.44181503,-122.68520840000001
160500156,2016-02-19,38.42750512,-122.7286485
160500157,2016-02-19,38.455409499999995,-122.72817260000001
160500158,2016-02-19,38.42621731,-122.76363719999999
160500159,2016-02-19,38.45648428,-122.71429669999999
160500160,2016-02-19,38.44036347,-122.70283090000001
160500161,2016-02-19,38.41998491,-122.7661094
160500162,2016-02-19,38.43903444,-122.71295049999999
160500163,2016-02-19,38.42975173,-122.71133049999999
160500164,2016-02-19,38.44162603,-122.6982486
160500165,2016-02-19,38.47686128,-122.7381217
160500167,2016-02-19,38.41030288,-122.7094955
160500168,2016-02-19,38.45651115,-122.7362721
160500169,2016-02-19,38.44315547,-122.7081412
160500170,2016-02-19,38.427682700000005,-122.57921090000002
160500171,2016-02-19,38.44036347,-122.70283090000001
160500172,2016-02-19,38.42030020000001,-122.71351090000002
160500173,2016-02-19,38.42738299,-122.69244409999999
160500174,2016-02-19,38.43699924,-122.6535128
160500176,2016-02-19,38.42763646,-122.73785079999999
160500177,2016-02-19,38.44705308,-122.72893190000002
160500178,2016-02-19,38.44053199,-122.70968880000001
160500179,2016-02-19,38.44451414,-122.68771240000001
160500180,2016-02-19,38.46421777,-122.72841559999999
160500181,2016-02-19,38.47428388,-122.72853570000001
160500182,2016-02-19,38.44165364,-122.7306304
160500183,2016-02-19,38.47455094,-122.7381111
160500184,2016-02-19,38.46739333,-122.7405432
160500185,2016-02-19,38.43758856,-122.70864420000001
160500186,2016-02-19,38.42321304,-122.74792279999998
160500188,2016-02-19,38.47970235,-122.73446640000002
160500191,2016-02-19,38.43351475,-122.7382112
160500193,2016-02-19,38.44036347,-122.70283090000001
160500194,2016-02-19,38.48171874,-122.70485009999999
160500195,2016-02-19,38.42372005,-122.73043349999999
160500200,2016-02-19,38.43781423,-122.70061470000002
160500201,2016-02-19,38.44036347,-122.70283090000001
160500202,2016-02-19,38.45258756,-122.7513351
160500204,2016-02-19,38.479745,-122.720133
160500205,2016-02-19,38.4598705,-122.74150900000001
160500206,2016-02-19,38.42386438,-122.7081955
160500207,2016-02-19,38.44076213,-122.7215076
160500212,2016-02-19,38.43519318,-122.70728030000001
160500213,2016-02-19,38.45403303,-122.76716270000001
160500214,2016-02-19,38.42331571,-122.7000716
160500215,2016-02-19,38.42066924,-122.71856149999999
160500216,2016-02-19,38.46311909,-122.7182737
160500217,2016-02-19,38.43776285,-122.7142084
160500219,2016-02-19,38.461475,-122.671375
160500220,2016-02-19,38.436027,-122.721355
160500221,2016-02-19,38.4453395,-122.7417051
160500223,2016-02-19,38.47386873,-122.64501100000001
160500225,2016-02-19,38.4515494,-122.7174904
160500226,2016-02-19,38.47254938,-122.73435090000001
160500227,2016-02-19,38.43491201,-122.6954334
160500228,2016-02-19,38.45803531,-122.6729237
160500230,2016-02-19,38.43965306,-122.70543
160500232,2016-02-19,38.47083037,-122.73245770000001
160500233,2016-02-19,38.44050956,-122.6562713
160500234,2016-02-19,38.46499934,-122.73263840000001
160500235,2016-02-19,38.43033883,-122.7175395
160500236,2016-02-19,38.44036347,-122.70283090000001
160500237,2016-02-19,38.44024639,-122.5825606
160500239,2016-02-19,38.43863641,-122.7335553
160500240,2016-02-19,38.43770367,-122.5848683
160500241,2016-02-19,38.43860065,-122.7262751
160500243,2016-02-19,38.45490251,-122.7696699
160500244,2016-02-19,38.46709833,-122.7512155
160500245,2016-02-19,38.46954965,-122.7596794
160500246,2016-02-19,38.41333341,-122.7171869
160500248,2016-02-19,38.45406768,-122.7730892
160500249,2016-02-19,38.47200733,-122.6769896
160500250,2016-02-19,38.4231926,-122.76220759999998
160500252,2016-02-19,38.46172539,-122.7696703
160500253,2016-02-19,38.44121202,-122.7123828
160500254,2016-02-19,38.45254856,-122.7696375
160500256,2016-02-19,38.44403502,-122.70426709999998
160500257,2016-02-19,38.44859778,-122.7176143
160500259,2016-02-19,38.45991177,-122.7284087
160500260,2016-02-19,38.44173424,-122.68725659999998
160500262,2016-02-19,38.41646151,-122.71112859999998
160500264,2016-02-19,38.44171787,-122.73388680000001
160500265,2016-02-19,38.43243269,-122.7709328
160500266,2016-02-19,38.41648379,-122.6977423
160500267,2016-02-19,38.44383638,-122.76961940000001
160500268,2016-02-19,38.45956577,-122.7190646
160500269,2016-02-19,38.41582069,-122.7080223
160500270,2016-02-19,38.43059702,-122.7253189
160500271,2016-02-19,38.43483618,-122.69896229999999
160500273,2016-02-19,38.43876378,-122.7216926
160500274,2016-02-19,38.41378271,-122.73353090000002
160500275,2016-02-19,38.45991177,-122.7284087
160500277,2016-02-19,38.45977767,-122.75119640000001
160500278,2016-02-19,38.445236799999996,-122.74604140000001
160500279,2016-02-19,38.45998549,-122.7302449
160500280,2016-02-19,38.46296651,-122.7164774
160500282,2016-02-19,38.46624529,-122.73264820000001
160500283,2016-02-19,38.46912427,-122.7326346
160500284,2016-02-19,38.41646084,-122.709951
160500285,2016-02-19,38.44972,-122.68848009999999
160500286,2016-02-19,38.4706443,-122.72981340000001
160500287,2016-02-19,38.46311909,-122.7182737
160500288,2016-02-19,38.42307419,-122.7173908
160500289,2016-02-19,38.44546397,-122.71089909999999
160500290,2016-02-19,38.44036347,-122.70283090000001
160500291,2016-02-19,38.45332356,-122.71574790000001
160500292,2016-02-19,38.46505683,-122.65784140000001
160500293,2016-02-19,38.43853012,-122.7337009
160500294,2016-02-19,38.4419527,-122.7107402
160500295,2016-02-19,38.47247575,-122.7306991
160500296,2016-02-19,38.45865687,-122.70856850000001
160500298,2016-02-19,38.44403502,-122.70426709999998
160500299,2016-02-19,38.45496838,-122.6721729
160500300,2016-02-19,38.45453356,-122.7393845
160500301,2016-02-19,38.44036347,-122.70283090000001
160500303,2016-02-19,38.47864578,-122.6606987
160500304,2016-02-19,38.4706443,-122.72981340000001
160500306,2016-02-19,38.43163437,-122.76087
160500307,2016-02-19,38.45998549,-122.7302449
160500309,2016-02-19,38.42985492,-122.71425890000002
160500310,2016-02-19,38.44036347,-122.70283090000001
160500311,2016-02-19,38.46483701,-122.74657009999999
160500312,2016-02-19,38.42478243,-122.6741475
160500314,2016-02-19,38.41644952,-122.7135188
160500316,2016-02-19,38.45496854,-122.7173537
160500317,2016-02-19,38.40172352,-122.71088229999998
160500318,2016-02-19,38.42009371,-122.70016310000001
160500319,2016-02-19,38.42394960000001,-122.7174501
160500321,2016-02-19,38.41565116,-122.75395970000001
160500322,2016-02-19,38.42120417,-122.71350090000001
160500323,2016-02-19,38.41644952,-122.7135188
160500327,2016-02-19,38.45884512,-122.7392352
160500328,2016-02-19,38.436027,-122.721355
160500329,2016-02-19,38.46421777,-122.72841559999999
160500330,2016-02-19,38.430666200000005,-122.71064809999999
160500331,2016-02-19,38.45255814,-122.76447749999998
160500332,2016-02-19,38.43665196,-122.71227809999999
160500333,2016-02-19,38.46709833,-122.7512155
160500335,2016-02-19,38.45018082,-122.717546
160500336,2016-02-19,38.43101769,-122.7607935
160500337,2016-02-19,38.46505778,-122.71938200000001
160500338,2016-02-19,38.42685471,-122.7413163
160500339,2016-02-19,38.426798600000005,-122.73519809999999
160500340,2016-02-19,38.4762025,-122.7457081
160500341,2016-02-19,38.44315079,-122.75799209999998
160500342,2016-02-19,38.43879551,-122.7084638
160500343,2016-02-19,38.46852999,-122.7232521
160500345,2016-02-19,38.4394771,-122.72221869999998
160500346,2016-02-19,38.479745,-122.720133
160500347,2016-02-19,38.46351647,-122.7350876
160500348,2016-02-19,38.43932824,-122.72045349999999
160500349,2016-02-19,38.41996013,-122.6917024
160500350,2016-02-19,38.4299094,-122.7417259
160500351,2016-02-19,38.45510372,-122.8159509
160500352,2016-02-19,38.41582069,-122.7080223
160500354,2016-02-19,38.44978962,-122.752269
160500355,2016-02-19,38.44096574,-122.72720759999999
160500356,2016-02-19,38.47148370000001,-122.73962809999999
160500358,2016-02-19,38.42380643,-122.713507
160500359,2016-02-19,38.42672233,-122.73209170000001
160500360,2016-02-19,38.40183589,-122.7198058
160500361,2016-02-19,38.47970235,-122.73446640000002
160500362,2016-02-19,38.43370644,-122.6872527
160500364,2016-02-19,38.40674665,-122.71640320000002
160500365,2016-02-19,38.46101047,-122.71060890000001
160500367,2016-02-19,38.44786278,-122.7349648
160500368,2016-02-19,38.42690361,-122.762676
160500369,2016-02-19,38.41646151,-122.71112859999998
160500370,2016-02-19,38.44562427,-122.7160877
160500372,2016-02-19,38.47598208,-122.73298249999999
160500373,2016-02-19,38.4515494,-122.7174904
160500374,2016-02-19,38.410424799999994,-122.7074811
160500375,2016-02-19,38.42631489,-122.7483847
160500377,2016-02-19,38.43525419,-122.6859145
160500379,2016-02-19,38.42978491,-122.72890819999999
160500380,2016-02-19,38.42685471,-122.7413163
160500381,2016-02-19,38.48374729,-122.71226850000001
160500382,2016-02-19,38.44096574,-122.72720759999999
160500384,2016-02-19,38.44273969,-122.71568059999998
160500385,2016-02-19,38.44686551,-122.72393799999999
160510001,2016-02-20,38.48232703,-122.71457209999998
160510002,2016-02-20,38.42763646,-122.73785079999999
160510003,2016-02-20,38.45952059,-122.72473000000001
160510004,2016-02-20,38.44036347,-122.70283090000001
160510005,2016-02-20,38.44173424,-122.68725659999998
160510006,2016-02-20,38.47037713,-122.7229361
160510008,2016-02-20,38.45767482,-122.7094307
160510010,2016-02-20,38.44581123,-122.72344869999999
160510011,2016-02-20,38.44023055,-122.7145525
160510012,2016-02-20,38.44581039,-122.7304284
160510013,2016-02-20,38.42120417,-122.71350090000001
160510015,2016-02-20,38.44592197,-122.7283248
160510016,2016-02-20,38.43412344,-122.72660729999998
160510018,2016-02-20,38.43894087,-122.71507849999999
160510020,2016-02-20,38.43182581,-122.7419237
160510022,2016-02-20,38.45571282,-122.6918862
160510023,2016-02-20,38.44023055,-122.7145525
160510024,2016-02-20,38.44797429,-122.72032709999999
160510025,2016-02-20,38.44751446,-122.7696459
160510026,2016-02-20,38.42241839,-122.7438327
160510029,2016-02-20,38.44206222,-122.71239409999998
160510030,2016-02-20,38.41602702,-122.73996770000001
160510032,2016-02-20,38.45803531,-122.6729237
160510033,2016-02-20,38.43817831,-122.7167402
160510034,2016-02-20,38.45830449,-122.67546259999999
160510035,2016-02-20,38.43894087,-122.71507849999999
160510036,2016-02-20,38.40917695,-122.70728030000001
160510037,2016-02-20,38.4796987,-122.7477757
160510039,2016-02-20,38.42139738,-122.72564440000001
160510041,2016-02-20,38.47200718,-122.7381105
160510042,2016-02-20,38.41429399,-122.71748640000001
160510043,2016-02-20,38.43372932,-122.7286318
160510044,2016-02-20,38.43138573,-122.71340520000001
160510045,2016-02-20,38.44577885,-122.72255679999999
160510046,2016-02-20,38.45822523,-122.6956896
160510047,2016-02-20,38.46421777,-122.72841559999999
160510048,2016-02-20,38.44842709,-122.6707877
160510049,2016-02-20,38.4562912,-122.70799579999999
160510050,2016-02-20,38.42866101,-122.74153390000002
160510051,2016-02-20,38.4453395,-122.7417051
160510052,2016-02-20,38.44093602,-122.67875729999999
160510053,2016-02-20,38.47536781,-122.7323398
160510054,2016-02-20,38.44036347,-122.70283090000001
160510058,2016-02-20,38.42739284,-122.71183359999999
160510059,2016-02-20,38.44668339,-122.7177146
160510060,2016-02-20,38.42030020000001,-122.71351090000002
160510061,2016-02-20,38.46424047,-122.7143848
160510062,2016-02-20,38.44285521,-122.7017068
160510063,2016-02-20,38.40924756,-122.74144340000001
160510064,2016-02-20,38.44024639,-122.5825606
160510065,2016-02-20,38.47971079,-122.7352915
160510066,2016-02-20,38.4562912,-122.70799579999999
160510067,2016-02-20,38.44036347,-122.70283090000001
160510068,2016-02-20,38.41565116,-122.75395970000001
160510069,2016-02-20,38.46235958,-122.762725
160510071,2016-02-20,38.42631489,-122.7483847
160510072,2016-02-20,38.432080299999996,-122.7190497
160510073,2016-02-20,38.432080299999996,-122.7190497
160510074,2016-02-20,38.427921999999995,-122.715473
160510075,2016-02-20,38.46720043,-122.72433079999999
160510076,2016-02-20,38.42685471,-122.7413163
160510077,2016-02-20,38.47646047,-122.6609432
160510078,2016-02-20,38.43312868,-122.70439609999998
160510079,2016-02-20,38.46101229,-122.71717120000001
160510080,2016-02-20,38.44024639,-122.5825606
160510081,2016-02-20,38.42739284,-122.71183359999999
160510082,2016-02-20,38.45612047,-122.72569250000001
160510083,2016-02-20,38.43402241,-122.68804750000001
160510084,2016-02-20,38.46421777,-122.72841559999999
160510085,2016-02-20,38.42763646,-122.73785079999999
160510087,2016-02-20,38.43483618,-122.69896229999999
160510088,2016-02-20,38.43476303,-122.7442293
160510089,2016-02-20,38.449765500000005,-122.7202701
160510090,2016-02-20,38.47364139,-122.7208081
160510091,2016-02-20,38.45414865,-122.70293059999999
160510092,2016-02-20,38.44219738,-122.6853675
160510096,2016-02-20,38.47297747,-122.72614070000002
160510097,2016-02-20,38.43765636,-122.65939499999999
160510099,2016-02-20,38.44053199,-122.70968880000001
160510100,2016-02-20,38.45716764,-122.7031087
160510101,2016-02-20,38.44474263,-122.70504150000001
160510102,2016-02-20,38.47756248,-122.74886550000001
160510103,2016-02-20,38.43606599,-122.7451718
160510104,2016-02-20,38.41911173,-122.70145190000001
160510105,2016-02-20,38.44036347,-122.70283090000001
160510107,2016-02-20,38.47686128,-122.7381217
160510108,2016-02-20,38.43665196,-122.71227809999999
160510109,2016-02-20,38.44285521,-122.7017068
160510110,2016-02-20,38.46233298,-122.7417378
160510111,2016-02-20,38.413219700000006,-122.7135365
160510112,2016-02-20,38.45996937,-122.73166409999999
160510113,2016-02-20,38.45938071,-122.73149309999998
160510116,2016-02-20,38.47455094,-122.7381111
160510117,2016-02-20,38.457623,-122.6920669
160510118,2016-02-20,38.43516241,-122.68761950000001
160510119,2016-02-20,38.43702102,-122.72465530000001
160510120,2016-02-20,38.43483618,-122.69896229999999
160510125,2016-02-20,38.41515253,-122.7606377
160510126,2016-02-20,38.45153845,-122.67057120000001
160510128,2016-02-20,38.44036347,-122.70283090000001
160510130,2016-02-20,38.40172352,-122.71088229999998
160510131,2016-02-20,38.41649031,-122.70427279999998
160510133,2016-02-20,38.439783899999995,-122.71132820000001
160510134,2016-02-20,38.45997829,-122.7406116
160510137,2016-02-20,38.465888,-122.741677
160510138,2016-02-20,38.455409499999995,-122.72817260000001
160510139,2016-02-20,38.4642155,-122.7302291
160510142,2016-02-20,38.43769345,-122.71779679999999
160510143,2016-02-20,38.45651115,-122.7362721
160510144,2016-02-20,38.40172352,-122.71088229999998
160510145,2016-02-20,38.47778895,-122.65982140000001
160510146,2016-02-20,38.40186649,-122.71348429999999
160510147,2016-02-20,38.44589407,-122.726646
160510148,2016-02-20,38.43525419,-122.6859145
160510149,2016-02-20,38.46482899,-122.65142639999999
160510150,2016-02-20,38.44910098,-122.72447549999998
160510151,2016-02-20,38.42685471,-122.7413163
160510152,2016-02-20,38.46252046,-122.7059525
160510153,2016-02-20,38.47074837,-122.7623508
160510154,2016-02-20,38.43138573,-122.71340520000001
160510155,2016-02-20,38.41602702,-122.73996770000001
160510156,2016-02-20,38.43971531,-122.71565840000001
160510157,2016-02-20,38.46482899,-122.65142639999999
160510158,2016-02-20,38.47074837,-122.7623508
160510160,2016-02-20,38.45997829,-122.7406116
160510161,2016-02-20,38.42393394,-122.729546
160510162,2016-02-20,38.430003899999996,-122.768864
160510163,2016-02-20,38.45045002,-122.75132109999998
160510164,2016-02-20,38.42902192,-122.76938090000002
160510165,2016-02-20,38.45554777,-122.67789259999999
160510166,2016-02-20,38.413219700000006,-122.7135365
160510167,2016-02-20,38.47778866,-122.7584055
160510168,2016-02-20,38.43535628,-122.7120801
160510169,2016-02-20,38.45884356,-122.7326085
160510171,2016-02-20,38.46482899,-122.65142639999999
160510172,2016-02-20,38.46781624,-122.66025220000002
160510173,2016-02-20,38.41763017,-122.71351940000001
160510175,2016-02-20,38.40971025,-122.7134884
160510176,2016-02-20,38.43800415,-122.7669201
160510177,2016-02-20,38.46738479,-122.74249879999999
160510179,2016-02-20,38.41763017,-122.71351940000001
160510180,2016-02-20,38.42077055,-122.71735149999999
160510181,2016-02-20,38.41030288,-122.7094955
160510182,2016-02-20,38.43971531,-122.71565840000001
160510183,2016-02-20,38.44165364,-122.7306304
160510186,2016-02-20,38.46816721,-122.6510226
160510187,2016-02-20,38.46816721,-122.6510226
160510188,2016-02-20,38.44036347,-122.70283090000001
160510189,2016-02-20,38.43019484,-122.72711840000001
160510191,2016-02-20,38.45884356,-122.7326085
160510192,2016-02-20,38.43118849,-122.72284590000001
160510194,2016-02-20,38.43852354,-122.7019825
160510195,2016-02-20,38.45716245,-122.69789490000001
160510196,2016-02-20,38.43525419,-122.6859145
160510197,2016-02-20,38.41763017,-122.71351940000001
160510198,2016-02-20,38.47173676,-122.72091370000001
160510201,2016-02-20,38.45921619,-122.7373216
160510203,2016-02-20,38.45975047,-122.7453493
160510204,2016-02-20,38.452966499999995,-122.731721
160510205,2016-02-20,38.41644952,-122.7135188
160510206,2016-02-20,38.42745035,-122.7321797
160510208,2016-02-20,38.45577955,-122.70801940000001
160510209,2016-02-20,38.42978491,-122.72890819999999
160510210,2016-02-20,38.44524154,-122.7535248
160510213,2016-02-20,38.42781637,-122.69116559999999
160510215,2016-02-20,38.41030288,-122.7094955
160510216,2016-02-20,38.46873386,-122.74485390000001
160510217,2016-02-20,38.43379484,-122.74240049999999
160510218,2016-02-20,38.43879551,-122.7084638
160510219,2016-02-20,38.44036347,-122.70283090000001
160510220,2016-02-20,38.45476696,-122.7173608
160510221,2016-02-20,38.46912427,-122.7326346
160510222,2016-02-20,38.4414286,-122.71379180000001
160510223,2016-02-20,38.46421777,-122.72841559999999
160510224,2016-02-20,38.44978962,-122.752269
160510225,2016-02-20,38.43965855,-122.71341480000001
160510228,2016-02-20,38.42685471,-122.7413163
160510229,2016-02-20,38.43281994,-122.7562006
160510230,2016-02-20,38.46482899,-122.65142639999999
160510232,2016-02-20,38.446513,-122.75633799999999
160510233,2016-02-20,38.44121202,-122.7123828
160510234,2016-02-20,38.45803531,-122.6729237
160510236,2016-02-20,38.43033883,-122.7175395
160510237,2016-02-20,38.48100024,-122.7048521
160510238,2016-02-20,38.4349273,-122.6610388
160510240,2016-02-20,38.44036347,-122.70283090000001
160510242,2016-02-20,38.47971181,-122.73813090000002
160510243,2016-02-20,38.45112279999999,-122.69179640000002
160510245,2016-02-20,38.43723872,-122.70664579999999
160510248,2016-02-20,38.45454019,-122.73699180000001
160510250,2016-02-20,38.46912427,-122.7326346
160510251,2016-02-20,38.45250293,-122.695923
160510252,2016-02-20,38.41582069,-122.7080223
160510253,2016-02-20,38.44583859,-122.72975729999999
160510254,2016-02-20,38.45154944,-122.66967520000001
160510257,2016-02-20,38.47509824,-122.74233570000001
160510258,2016-02-20,38.463302299999995,-122.72369590000001
160510259,2016-02-20,38.45997358,-122.73261799999999
160510261,2016-02-20,38.4299094,-122.7417259
160510263,2016-02-20,38.46644262,-122.66192849999999
160510264,2016-02-20,38.45088481,-122.7696476
160510265,2016-02-20,38.42693756,-122.72858490000002
160510266,2016-02-20,38.45884532,-122.72293140000001
160510267,2016-02-20,38.43138573,-122.71340520000001
160510270,2016-02-20,38.45258756,-122.7513351
160510272,2016-02-20,38.44786948,-122.7562868
160510273,2016-02-20,38.47686128,-122.7381217
160510275,2016-02-20,38.44184295,-122.7128656
160510276,2016-02-20,38.45683688,-122.75211399999999
160510277,2016-02-20,38.43031753,-122.71967520000001
160510280,2016-02-20,38.43271141,-122.7515848
160510281,2016-02-20,38.4394771,-122.72221869999998
160510282,2016-02-20,38.46482899,-122.65142639999999
160510283,2016-02-20,38.45998531,-122.7350344
160510284,2016-02-20,38.46421777,-122.72841559999999
160510286,2016-02-20,38.47842459,-122.6617866
160510289,2016-02-20,38.43525419,-122.6859145
160510290,2016-02-20,38.46311909,-122.7182737
160510292,2016-02-20,38.46854539,-122.710472
160510293,2016-02-20,38.43805776,-122.7211803
160510295,2016-02-20,38.42030020000001,-122.71351090000002
160510296,2016-02-20,38.45112279999999,-122.69179640000002
160510297,2016-02-20,38.47970235,-122.73446640000002
160510299,2016-02-20,38.45870787,-122.7383884
160510300,2016-02-20,38.44036347,-122.70283090000001
160510301,2016-02-20,38.44733315,-122.70681929999999
160510303,2016-02-20,38.41429399,-122.71748640000001
160510304,2016-02-20,38.44546397,-122.71089909999999
160510305,2016-02-20,38.43525419,-122.6859145
160510307,2016-02-20,38.49636772,-122.75186049999999
160510308,2016-02-20,38.44581039,-122.7304284
160510309,2016-02-20,38.45974195,-122.7464246
160510311,2016-02-20,38.42985492,-122.71425890000002
160510312,2016-02-20,38.45167161,-122.74631409999998
160510313,2016-02-20,38.44038228,-122.7161508
160510314,2016-02-20,38.42120417,-122.71350090000001
160510315,2016-02-20,38.48958839,-122.6953155
160510317,2016-02-20,38.38708776,-122.7185774
160510318,2016-02-20,38.45022786,-122.7609145
160510319,2016-02-20,38.44522915,-122.71871850000001
160510320,2016-02-20,38.45730241,-122.6712994
160510321,2016-02-20,38.45018082,-122.717546
160510323,2016-02-20,38.45258078,-122.7568038
160510325,2016-02-20,38.44121202,-122.7123828
160510327,2016-02-20,38.43143133,-122.71127560000001
160510328,2016-02-20,38.42984924,-122.74171740000001
160510329,2016-02-20,38.44691519,-122.72659569999999
160510332,2016-02-20,38.47970235,-122.73446640000002
160510333,2016-02-20,38.40185186,-122.72326329999999
160510334,2016-02-20,38.42135934,-122.7147642
160510335,2016-02-20,38.44167378,-122.73148710000001
160510336,2016-02-20,38.43535628,-122.7120801
160510337,2016-02-20,38.44036347,-122.70283090000001
160510338,2016-02-20,38.45998229,-122.7403416
160510339,2016-02-20,38.42481257,-122.704426
160510340,2016-02-20,38.45453356,-122.7393845
160510341,2016-02-20,38.47203079,-122.7325019
160510342,2016-02-20,38.43059702,-122.7253189
160510343,2016-02-20,38.44530784,-122.7561748
160510344,2016-02-20,38.44524539,-122.75437520000001
160510345,2016-02-20,38.42739284,-122.71183359999999
160510346,2016-02-20,38.42342681,-122.6938162
160510347,2016-02-20,38.43466572,-122.71957340000002
160510348,2016-02-20,38.44554349,-122.71352350000001
160510349,2016-02-20,38.46720043,-122.72433079999999
160510350,2016-02-20,38.44865669,-122.75777099999999
160510351,2016-02-20,38.44046206,-122.7140115
160510352,2016-02-20,38.43985901,-122.73373500000001
160510353,2016-02-20,38.44786948,-122.7562868
160510354,2016-02-20,38.46067455,-122.7191905
160510356,2016-02-20,38.44206222,-122.71239409999998
160510357,2016-02-20,38.43149874,-122.7578167
160510358,2016-02-20,38.44250791,-122.721028
160510359,2016-02-20,38.46351647,-122.7350876
160510362,2016-02-20,38.46919178,-122.72937320000001
160510363,2016-02-20,38.44039704,-122.7117999
160510364,2016-02-20,38.4649157,-122.6533696
160510366,2016-02-20,38.46001923,-122.72375729999999
160510367,2016-02-20,38.46419582,-122.7140918
160510368,2016-02-20,38.45260372,-122.7336335
160510370,2016-02-20,38.45496838,-122.6721729
160510371,2016-02-20,38.4452399,-122.75130279999999
160510373,2016-02-20,38.43589514,-122.5906571
160510374,2016-02-20,38.47250478,-122.64608500000001
160510375,2016-02-20,38.42965398,-122.7158453
160510376,2016-02-20,38.42693756,-122.72858490000002
160510377,2016-02-20,38.45974038,-122.7429957
160510378,2016-02-20,38.4299094,-122.7417259
160510379,2016-02-20,38.49571186,-122.72011
160510381,2016-02-20,38.46605827,-122.671175
160510383,2016-02-20,38.467339100000004,-122.7393338
160510384,2016-02-20,38.43129081,-122.72242279999999
160510385,2016-02-20,38.44583528,-122.7245675
160510386,2016-02-20,38.45706108,-122.7373132
160510387,2016-02-20,38.43587467,-122.71551409999998
160510388,2016-02-20,38.41518155,-122.7135236
160510389,2016-02-20,38.4452399,-122.75130279999999
160510390,2016-02-20,38.41333341,-122.7171869
160510391,2016-02-20,38.46286679999999,-122.65769440000001
160510392,2016-02-20,38.44013969,-122.72706670000001
160510393,2016-02-20,38.42894733,-122.73236999999999
160510394,2016-02-20,38.47062486,-122.73493090000001
160510395,2016-02-20,38.42685471,-122.7413163
160510396,2016-02-20,38.44500029,-122.7266618
160510397,2016-02-20,38.45998229,-122.7403416
160510399,2016-02-20,38.47835364,-122.6557178
160510402,2016-02-20,38.48064997,-122.6651565
160520001,2016-02-21,38.43862443,-122.71994099999999
160520002,2016-02-21,38.44023055,-122.7145525
160520003,2016-02-21,38.42077055,-122.71735149999999
160520004,2016-02-21,38.42685471,-122.7413163
160520005,2016-02-21,38.44013969,-122.72706670000001
160520006,2016-02-21,38.45998808,-122.72469280000001
160520008,2016-02-21,38.46205641,-122.71894850000001
160520009,2016-02-21,38.42266675,-122.71351979999999
160520010,2016-02-21,38.43992913,-122.7193773
160520011,2016-02-21,38.44451414,-122.68771240000001
160520013,2016-02-21,38.44546397,-122.71089909999999
160520014,2016-02-21,38.46032734,-122.7213729
160520015,2016-02-21,38.45258756,-122.7513351
160520017,2016-02-21,38.46483701,-122.74657009999999
160520018,2016-02-21,38.41433572,-122.7234498
160520019,2016-02-21,38.43023821,-122.6720078
160520020,2016-02-21,38.43992913,-122.7193773
160520021,2016-02-21,38.43817831,-122.7167402
160520022,2016-02-21,38.44023055,-122.7145525
160520023,2016-02-21,38.41442702,-122.7194817
160520024,2016-02-21,38.460974,-122.72521499999999
160520025,2016-02-21,38.44093602,-122.67875729999999
160520026,2016-02-21,38.44002475,-122.74113940000001
160520027,2016-02-21,38.46276097,-122.719315
160520028,2016-02-21,38.42685471,-122.7413163
160520029,2016-02-21,38.42978491,-122.72890819999999
160520030,2016-02-21,38.43281994,-122.7562006
160520032,2016-02-21,38.47543794,-122.6721236
160520033,2016-02-21,38.44531078,-122.71774199999999
160520034,2016-02-21,38.44583528,-122.7245675
160520036,2016-02-21,38.46421777,-122.72841559999999
160520037,2016-02-21,38.44389187,-122.7165195
160520038,2016-02-21,38.43971531,-122.71565840000001
160520039,2016-02-21,38.44572374,-122.72041010000001
160520040,2016-02-21,38.44577885,-122.72255679999999
160520041,2016-02-21,38.44046206,-122.7140115
160520042,2016-02-21,38.46765625,-122.75731
160520043,2016-02-21,38.44023055,-122.7145525
160520044,2016-02-21,38.43263618,-122.7260264
160520045,2016-02-21,38.45991177,-122.7284087
160520046,2016-02-21,38.46818552,-122.72432169999999
160520048,2016-02-21,38.43101245,-122.7093524
160520049,2016-02-21,38.41429399,-122.71748640000001
160520050,2016-02-21,38.43033883,-122.7175395
160520051,2016-02-21,38.43769345,-122.71779679999999
160520052,2016-02-21,38.4453518,-122.70690800000001
160520053,2016-02-21,38.42235931,-122.76636370000001
160520054,2016-02-21,38.44474263,-122.70504150000001
160520055,2016-02-21,38.48281478,-122.7506538
160520056,2016-02-21,38.4452399,-122.75130279999999
160520060,2016-02-21,38.42479011,-122.7688835
160520061,2016-02-21,38.43113007,-122.759956
160520063,2016-02-21,38.42701934,-122.7154862
160520066,2016-02-21,38.45884532,-122.72293140000001
160520068,2016-02-21,38.47083037,-122.73245770000001
160520069,2016-02-21,38.477551299999995,-122.7439723
160520071,2016-02-21,38.43702102,-122.72465530000001
160520072,2016-02-21,38.42894733,-122.73236999999999
160520073,2016-02-21,38.46101229,-122.71717120000001
160520074,2016-02-21,38.46101229,-122.71717120000001
160520075,2016-02-21,38.44036347,-122.70283090000001
160520076,2016-02-21,38.45105202,-122.75622709999999
160520077,2016-02-21,38.47083037,-122.73245770000001
160520078,2016-02-21,38.44972,-122.68848009999999
160520079,2016-02-21,38.46101229,-122.71717120000001
160520080,2016-02-21,38.45490251,-122.7696699
160520081,2016-02-21,38.44563699,-122.7342003
160520082,2016-02-21,38.43830329,-122.6958581
160520083,2016-02-21,38.43294769,-122.7445656
160520084,2016-02-21,38.44944902,-122.67927390000001
160520085,2016-02-21,38.47471494,-122.7286683
160520086,2016-02-21,38.4407471,-122.6931961
160520087,2016-02-21,38.45997358,-122.73261799999999
160520088,2016-02-21,38.45996992,-122.7320428
160520089,2016-02-21,38.44500029,-122.7266618
160520091,2016-02-21,38.45088481,-122.7696476
160520092,2016-02-21,38.46755176,-122.6523726
160520093,2016-02-21,38.44635696,-122.68615
160520094,2016-02-21,38.44165364,-122.7306304
160520096,2016-02-21,38.44350903,-122.6990703
160520097,2016-02-21,38.45260372,-122.7336335
160520098,2016-02-21,38.46505683,-122.65784140000001
160520099,2016-02-21,38.44733315,-122.70681929999999
160520100,2016-02-21,38.46489349,-122.66040859999998
160520101,2016-02-21,38.43182581,-122.7419237
160520103,2016-02-21,38.44720289,-122.754393
160520104,2016-02-21,38.43313302,-122.7189267
160520105,2016-02-21,38.45415504,-122.6983438
160520106,2016-02-21,38.45260372,-122.7336335
160520107,2016-02-21,38.4384119,-122.6968065
160520108,2016-02-21,38.45213697,-122.70004329999999
160520112,2016-02-21,38.43294769,-122.7445656
160520113,2016-02-21,38.45760065,-122.7266173
160520115,2016-02-21,38.42555267,-122.74392350000001
160520117,2016-02-21,38.46482899,-122.65142639999999
160520118,2016-02-21,38.45670618,-122.67956709999999
160520120,2016-02-21,38.43758856,-122.70864420000001
160520122,2016-02-21,38.44036347,-122.70283090000001
160520123,2016-02-21,38.45112279999999,-122.69179640000002
160520124,2016-02-21,38.41782917,-122.7008059
160520125,2016-02-21,38.47751552,-122.75216129999998
160520127,2016-02-21,38.44389693,-122.708675
160520128,2016-02-21,38.43376218,-122.75963
160520129,2016-02-21,38.45112279999999,-122.69179640000002
160520130,2016-02-21,38.44036347,-122.70283090000001
160520131,2016-02-21,38.4565141,-122.7411455
160520132,2016-02-21,38.42674234,-122.7430645
160520133,2016-02-21,38.46421777,-122.72841559999999
160520134,2016-02-21,38.45969611,-122.67267859999998
160520136,2016-02-21,38.44476521,-122.71873729999999
160520137,2016-02-21,38.447672999999995,-122.736038
160520138,2016-02-21,38.43137112,-122.69182269999999
160520139,2016-02-21,38.46421777,-122.72841559999999
160520140,2016-02-21,38.427652,-122.745051
160520141,2016-02-21,38.43456184,-122.6997523
160520142,2016-02-21,38.45406768,-122.7730892
160520143,2016-02-21,38.43033883,-122.7175395
160520144,2016-02-21,38.45884532,-122.72293140000001
160520145,2016-02-21,38.45909656,-122.7557473
160520146,2016-02-21,38.44307872,-122.66281709999998
160520148,2016-02-21,38.45909656,-122.7557473
160520149,2016-02-21,38.46499934,-122.73263840000001
160520150,2016-02-21,38.46146828,-122.72371299999999
160520151,2016-02-21,38.44079665,-122.70127109999999
160520152,2016-02-21,38.45260372,-122.7336335
160520153,2016-02-21,38.42410062,-122.7158175
160520155,2016-02-21,38.44062836,-122.60608729999998
160520156,2016-02-21,38.45348497,-122.73606979999998
160520158,2016-02-21,38.46146828,-122.72371299999999
160520159,2016-02-21,38.41998491,-122.7661094
160520162,2016-02-21,38.46210603,-122.74463030000001
160520163,2016-02-21,38.44835078,-122.70819499999999
160520164,2016-02-21,38.42721652,-122.7132107
160520166,2016-02-21,38.47970235,-122.73446640000002
160520167,2016-02-21,38.46064396,-122.7193733
160520168,2016-02-21,38.4726306,-122.76411
160520169,2016-02-21,38.43840614,-122.7225159
160520171,2016-02-21,38.44038228,-122.7161508
160520172,2016-02-21,38.45597786,-122.73711570000002
160520173,2016-02-21,38.42071863,-122.7044997
160520174,2016-02-21,38.45937407,-122.69746059999999
160520176,2016-02-21,38.47305416,-122.76977190000001
160520177,2016-02-21,38.46421777,-122.72841559999999
160520179,2016-02-21,38.42393394,-122.729546
160520180,2016-02-21,38.43814749,-122.6705116
160520182,2016-02-21,38.46919178,-122.72937320000001
160520183,2016-02-21,38.48100024,-122.7048521
160520184,2016-02-21,38.45974038,-122.7429957
160520185,2016-02-21,38.45730241,-122.6712994
160520186,2016-02-21,38.53829489,-122.7901591
160520187,2016-02-21,38.44589407,-122.726646
160520188,2016-02-21,38.43086206,-122.7199246
160520189,2016-02-21,38.44705308,-122.72893190000002
160520191,2016-02-21,38.44098107,-122.6042202
160520192,2016-02-21,38.45803531,-122.6729237
160520193,2016-02-21,38.447672999999995,-122.736038
160520194,2016-02-21,38.42228018,-122.7094669
160520195,2016-02-21,38.440041799999996,-122.7209865
160520196,2016-02-21,38.45884356,-122.7326085
160520197,2016-02-21,38.509792,-122.76038899999999
160520198,2016-02-21,38.4640649,-122.737472
160520199,2016-02-21,38.45258756,-122.7513351
160520200,2016-02-21,38.44121202,-122.7123828
160520201,2016-02-21,38.42965398,-122.7158453
160520202,2016-02-21,38.45830449,-122.67546259999999
160520203,2016-02-21,38.43971531,-122.71565840000001
160520204,2016-02-21,38.43698542,-122.70643600000001
160520205,2016-02-21,38.42325793,-122.81068909999998
160520206,2016-02-21,38.45045002,-122.75132109999998
160520207,2016-02-21,38.4271321,-122.708615
160520208,2016-02-21,38.44036347,-122.70283090000001
160520209,2016-02-21,38.44024639,-122.5825606
160520210,2016-02-21,38.44383638,-122.76961940000001
160520211,2016-02-21,38.46101229,-122.71717120000001
160520212,2016-02-21,38.45956577,-122.7190646
160520213,2016-02-21,38.45348497,-122.73606979999998
160520214,2016-02-21,38.43263618,-122.7260264
160520215,2016-02-21,38.44630465,-122.70274740000002
160520216,2016-02-21,38.46912427,-122.7326346
160520219,2016-02-21,38.438010799999994,-122.71948130000001
160520220,2016-02-21,38.45730241,-122.6712994
160520221,2016-02-21,38.44585316,-122.7555475
160520222,2016-02-21,38.43205617,-122.66577209999998
160520223,2016-02-21,38.43033883,-122.7175395
160520224,2016-02-21,38.442961499999996,-122.7225481
160520225,2016-02-21,38.43593089,-122.7077131
160520226,2016-02-21,38.45546474,-122.7379425
160520228,2016-02-21,38.43971531,-122.71565840000001
160520229,2016-02-21,38.46624529,-122.73264820000001
160520230,2016-02-21,38.42662926,-122.70681909999999
160520232,2016-02-21,38.44036347,-122.70283090000001
160520234,2016-02-21,38.46912427,-122.7326346
160520236,2016-02-21,38.45214413,-122.7352503
160520238,2016-02-21,38.44197802,-122.71732620000002
160520239,2016-02-21,38.47598208,-122.73298249999999
160520240,2016-02-21,38.44036347,-122.70283090000001
160520241,2016-02-21,38.42291731,-122.70760179999999
160520242,2016-02-21,38.43665196,-122.71227809999999
160520243,2016-02-21,38.43879551,-122.7084638
160520245,2016-02-21,38.419969,-122.664693
160520246,2016-02-21,38.45882659,-122.65090390000002
160520247,2016-02-21,38.42764531,-122.72495900000001
160520249,2016-02-21,38.475102,-122.75413600000002
160520250,2016-02-21,38.42617327,-122.70806259999999
160520252,2016-02-21,38.47598208,-122.73298249999999
160520253,2016-02-21,38.46482899,-122.65142639999999
160520254,2016-02-21,38.47971181,-122.73813090000002
160520255,2016-02-21,38.44773518,-122.7534564
160520256,2016-02-21,38.46161428,-122.7220115
160520258,2016-02-21,38.43466572,-122.71957340000002
160520259,2016-02-21,38.46754183,-122.6767908
160520260,2016-02-21,38.45998363,-122.7346763
160520261,2016-02-21,38.46276097,-122.719315
160520262,2016-02-21,38.42077055,-122.71735149999999
160520263,2016-02-21,38.4586982,-122.7133148
160520265,2016-02-21,38.47200733,-122.6769896
160520266,2016-02-21,38.47206238,-122.732262
160520267,2016-02-21,38.42030020000001,-122.71351090000002
160520268,2016-02-21,38.45730241,-122.6712994
160520269,2016-02-21,38.44165364,-122.7306304
160520270,2016-02-21,38.44198325,-122.72407240000001
160520271,2016-02-21,38.43876378,-122.7216926
160520272,2016-02-21,38.47335547,-122.7328436
160520273,2016-02-21,38.46081666,-122.71832040000001
160520275,2016-02-21,38.43379484,-122.74240049999999
160520276,2016-02-21,38.44036347,-122.70283090000001
160520277,2016-02-21,38.44714179,-122.7627328
160520278,2016-02-21,38.42135934,-122.7147642
160520280,2016-02-21,38.47496921,-122.6745622
160520282,2016-02-21,38.44036347,-122.70283090000001
160520283,2016-02-21,38.4706443,-122.72981340000001
160520284,2016-02-21,38.43894087,-122.71507849999999
160520285,2016-02-21,38.41429399,-122.71748640000001
160520286,2016-02-21,38.45503674,-122.74110220000001
160520287,2016-02-21,38.44865669,-122.75777099999999
160520288,2016-02-21,38.46482899,-122.65142639999999
160520289,2016-02-21,38.44211193,-122.6850368
160520290,2016-02-21,38.43491201,-122.6954334
160520291,2016-02-21,38.45577955,-122.70801940000001
160520292,2016-02-21,38.42478354,-122.76897040000001
160520293,2016-02-21,38.42555267,-122.74392350000001
160520294,2016-02-21,38.43903444,-122.71295049999999
160520296,2016-02-21,38.45884356,-122.7326085
160520297,2016-02-21,38.45029799,-122.68860159999998
160520298,2016-02-21,38.44577885,-122.72255679999999
160520299,2016-02-21,38.41648379,-122.6977423
160520300,2016-02-21,38.46101229,-122.71717120000001
160520301,2016-02-21,38.45503674,-122.74110220000001
160520302,2016-02-21,38.47364139,-122.7208081
160520303,2016-02-21,38.45974038,-122.7429957
160520304,2016-02-21,38.44508468,-122.66430929999999
160520305,2016-02-21,38.40674665,-122.71640320000002
160520306,2016-02-21,38.42830115,-122.67460759999999
160520307,2016-02-21,38.42135934,-122.7147642
160520308,2016-02-21,38.49636772,-122.75186049999999
160520310,2016-02-21,38.42929693,-122.71919640000002
160520311,2016-02-21,38.46754183,-122.6767908
160520313,2016-02-21,38.43054545,-122.7110831
160520314,2016-02-21,38.41378271,-122.73353090000002
160520315,2016-02-21,38.45577955,-122.70801940000001
160520319,2016-02-21,38.46505778,-122.71938200000001
160520320,2016-02-21,38.47688832,-122.7457215
160520321,2016-02-21,38.45259497,-122.670344
160520322,2016-02-21,38.41518155,-122.7135236
160520323,2016-02-21,38.45496838,-122.6721729
160520324,2016-02-21,38.427652,-122.745051
160520325,2016-02-21,38.47335547,-122.7328436
160520326,2016-02-21,38.46886272,-122.7547568
160520327,2016-02-21,38.44140591,-122.74122890000001
160520329,2016-02-21,38.46505683,-122.65784140000001
160520330,2016-02-21,38.47395253,-122.73362659999998
160530001,2016-02-22,38.44036347,-122.70283090000001
160530002,2016-02-22,38.46714525,-122.7643832
160530003,2016-02-22,38.43101245,-122.7093524
160530004,2016-02-22,38.45029799,-122.68860159999998
160530005,2016-02-22,38.40650407,-122.74010290000001
160530007,2016-02-22,38.46661018,-122.7175294
160530008,2016-02-22,38.47335547,-122.7328436
160530009,2016-02-22,38.4323645,-122.704449
160530010,2016-02-22,38.43416699,-122.70928390000002
160530011,2016-02-22,38.42426474,-122.7135061
160530012,2016-02-22,38.45873641,-122.67438670000001
160530013,2016-02-22,38.42674234,-122.7430645
160530015,2016-02-22,38.45998549,-122.7302449
160530016,2016-02-22,38.43998499,-122.7041983
160530020,2016-02-22,38.45258756,-122.7513351
160530023,2016-02-22,38.42202189,-122.69909399999999
160530025,2016-02-22,38.4419527,-122.7107402
160530026,2016-02-22,38.45062192,-122.7080525
160530027,2016-02-22,38.41151265,-122.713498
160530028,2016-02-22,38.42978491,-122.72890819999999
160530029,2016-02-22,38.45019872,-122.69254679999999
160530030,2016-02-22,38.4419527,-122.7107402
160530031,2016-02-22,38.44784504,-122.7623645
160530032,2016-02-22,38.45594683,-122.62796540000001
160530033,2016-02-22,38.42984924,-122.74171740000001
160530036,2016-02-22,38.4546981,-122.7143578
160530039,2016-02-22,38.45496838,-122.6721729
160530040,2016-02-22,38.44237486,-122.71168390000001
160530041,2016-02-22,38.41271566,-122.71948300000001
160530043,2016-02-22,38.44024639,-122.5825606
160530046,2016-02-22,38.45803531,-122.6729237
160530047,2016-02-22,38.41786833,-122.7042913
160530048,2016-02-22,38.46505778,-122.71938200000001
160530049,2016-02-22,38.46329334,-122.72223729999999
160530051,2016-02-22,38.45761166,-122.71725009999999
160530052,2016-02-22,38.45677439,-122.6831007
160530053,2016-02-22,38.44490192,-122.72260390000001
160530054,2016-02-22,38.44859778,-122.7176143
160530055,2016-02-22,38.44572374,-122.72041010000001
160530056,2016-02-22,38.44206222,-122.71239409999998
160530058,2016-02-22,38.44250791,-122.721028
160530059,2016-02-22,38.44554349,-122.71352350000001
160530060,2016-02-22,38.44172137,-122.7254481
160530061,2016-02-22,38.47971181,-122.73813090000002
160530062,2016-02-22,38.44169796,-122.7328239
160530063,2016-02-22,38.41164352,-122.73429080000001
160530064,2016-02-22,38.44788986,-122.7176592
160530065,2016-02-22,38.46912427,-122.7326346
160530067,2016-02-22,38.44577885,-122.72255679999999
160530068,2016-02-22,38.43903444,-122.71295049999999
160530069,2016-02-22,38.44198325,-122.72407240000001
160530071,2016-02-22,38.40848214,-122.7393886
160530072,2016-02-22,38.44227895,-122.72239669999999
160530073,2016-02-22,38.44540732,-122.7394594
160530075,2016-02-22,38.4414495,-122.7190885
160530077,2016-02-22,38.45956577,-122.7190646
160530079,2016-02-22,38.43903444,-122.71295049999999
160530080,2016-02-22,38.42869339,-122.7107166
160530082,2016-02-22,38.42077055,-122.71735149999999
160530083,2016-02-22,38.44842709,-122.6707877
160530084,2016-02-22,38.46233298,-122.7417378
160530085,2016-02-22,38.41309348,-122.7409869
160530086,2016-02-22,38.43903444,-122.71295049999999
160530087,2016-02-22,38.45681756,-122.7449037
160530088,2016-02-22,38.40759323,-122.7366068
160530089,2016-02-22,38.43469225,-122.7029966
160530090,2016-02-22,38.4323645,-122.704449
160530091,2016-02-22,38.45018082,-122.717546
160530092,2016-02-22,38.42860441,-122.7668037
160530093,2016-02-22,38.448475,-122.732201
160530094,2016-02-22,38.44036347,-122.70283090000001
160530095,2016-02-22,38.45022737,-122.7415057
160530096,2016-02-22,38.44161484,-122.7289686
160530097,2016-02-22,38.41164352,-122.73429080000001
160530098,2016-02-22,38.45830449,-122.67546259999999
160530099,2016-02-22,38.41646151,-122.71112859999998
160530100,2016-02-22,38.46790152,-122.74753259999999
160530101,2016-02-22,38.46421777,-122.72841559999999
160530102,2016-02-22,38.43630332,-122.75033540000001
160530104,2016-02-22,38.41224891,-122.7394283
160530107,2016-02-22,38.42406613,-122.72827439999999
160530108,2016-02-22,38.44751126,-122.76564599999999
160530109,2016-02-22,38.44187929,-122.6740577
160530110,2016-02-22,38.40713665,-122.74139550000001
160530112,2016-02-22,38.47022938,-122.72642479999999
160530114,2016-02-22,38.44090173,-122.7301331
160530116,2016-02-22,38.44563699,-122.7342003
160530118,2016-02-22,38.443266799999996,-122.6922466
160530120,2016-02-22,38.43665196,-122.71227809999999
160530121,2016-02-22,38.43665196,-122.71227809999999
160530123,2016-02-22,38.44850403,-122.7650592
160530125,2016-02-22,38.45956577,-122.7190646
160530126,2016-02-22,38.44350903,-122.6990703
160530128,2016-02-22,38.46421777,-122.72841559999999
160530129,2016-02-22,38.43628921,-122.5801798
160530130,2016-02-22,38.43776285,-122.7142084
160530131,2016-02-22,38.44046206,-122.7140115
160530132,2016-02-22,38.44250791,-122.721028
160530133,2016-02-22,38.42107583,-122.7060808
160530135,2016-02-22,38.47200718,-122.7381105
160530136,2016-02-22,38.47443223,-122.75508490000001
160530137,2016-02-22,38.46919178,-122.72937320000001
160530138,2016-02-22,38.44546397,-122.71089909999999
160530139,2016-02-22,38.45597786,-122.73711570000002
160530140,2016-02-22,38.45880608,-122.717197
160530141,2016-02-22,38.45884356,-122.7326085
160530142,2016-02-22,38.46590055,-122.73888570000001
160530144,2016-02-22,38.44668339,-122.7177146
160530146,2016-02-22,38.46421777,-122.72841559999999
160530147,2016-02-22,38.43903444,-122.71295049999999
160530149,2016-02-22,38.42242783,-122.6930688
160530150,2016-02-22,38.44036347,-122.70283090000001
160530151,2016-02-22,38.44786278,-122.7349648
160530152,2016-02-22,38.41763017,-122.71351940000001
160530153,2016-02-22,38.43965855,-122.71341480000001
160530154,2016-02-22,38.44564739,-122.7177125
160530155,2016-02-22,38.43372932,-122.7286318
160530156,2016-02-22,38.44036347,-122.70283090000001
160530157,2016-02-22,38.43903444,-122.71295049999999
160530158,2016-02-22,38.44563699,-122.7342003
160530162,2016-02-22,38.45760065,-122.7266173
160530163,2016-02-22,38.41224891,-122.7394283
160530164,2016-02-22,38.43535628,-122.7120801
160530165,2016-02-22,38.44876877,-122.67221440000002
160530166,2016-02-22,38.43340654,-122.7177831
160530169,2016-02-22,38.44110696,-122.71449820000001
160530170,2016-02-22,38.41861552,-122.71351829999999
160530171,2016-02-22,38.42622532,-122.6922199
160530172,2016-02-22,38.442961499999996,-122.7225481
160530177,2016-02-22,38.44589407,-122.726646
160530178,2016-02-22,38.44962047,-122.7504345
160530179,2016-02-22,38.41582069,-122.7080223
160530180,2016-02-22,38.46662813,-122.7430045
160530181,2016-02-22,38.44867446,-122.76964650000001
160530182,2016-02-22,38.42585155,-122.6956009
160530183,2016-02-22,38.4171506,-122.7175098
160530184,2016-02-22,38.44227895,-122.72239669999999
160530185,2016-02-22,38.41429399,-122.71748640000001
160530186,2016-02-22,38.4414495,-122.7190885
160530187,2016-02-22,38.44121202,-122.7123828
160530190,2016-02-22,38.42701934,-122.7154862
160530191,2016-02-22,38.45998099,-122.73801110000001
160530192,2016-02-22,38.44583528,-122.7245675
160530193,2016-02-22,38.44577885,-122.72255679999999
160530194,2016-02-22,38.43577572,-122.672119
160530195,2016-02-22,38.40537639,-122.71188290000002
160530196,2016-02-22,38.44564739,-122.7177125
160530197,2016-02-22,38.44227895,-122.72239669999999
160530199,2016-02-22,38.4323645,-122.704449
160530200,2016-02-22,38.44505682,-122.7046172
160530201,2016-02-22,38.4515494,-122.7174904
160530202,2016-02-22,38.47414784,-122.7681074
160530205,2016-02-22,38.452966499999995,-122.731721
160530207,2016-02-22,38.45683688,-122.75211399999999
160530208,2016-02-22,38.44227895,-122.72239669999999
160530210,2016-02-22,38.438277,-122.7146104
160530211,2016-02-22,38.4515494,-122.7174904
160530212,2016-02-22,38.44036347,-122.70283090000001
160530213,2016-02-22,38.40971025,-122.7134884
160530214,2016-02-22,38.43613938,-122.69486850000001
160530215,2016-02-22,38.452966499999995,-122.731721
160530216,2016-02-22,38.45991177,-122.7284087
160530218,2016-02-22,38.40369615,-122.72865900000001
160530219,2016-02-22,38.454181,-122.679409
160530220,2016-02-22,38.41164352,-122.73429080000001
160530224,2016-02-22,38.43570804,-122.6527606
160530225,2016-02-22,38.43129081,-122.72242279999999
160530226,2016-02-22,38.4453183,-122.76332409999999
160530227,2016-02-22,38.44876877,-122.67221440000002
160530228,2016-02-22,38.44557246,-122.714771
160530229,2016-02-22,38.4492653,-122.70536070000001
160530232,2016-02-22,38.4337195,-122.7064574
160530233,2016-02-22,38.43535628,-122.7120801
160530234,2016-02-22,38.42644233,-122.7466994
160530236,2016-02-22,38.43903444,-122.71295049999999
160530237,2016-02-22,38.47455094,-122.7381111
160530238,2016-02-22,38.41339119,-122.7350342
160530239,2016-02-22,38.41339119,-122.7350342
160530240,2016-02-22,38.41693852,-122.70741940000002
160530241,2016-02-22,38.45991177,-122.7284087
160530242,2016-02-22,38.42030020000001,-122.71351090000002
160530243,2016-02-22,38.45402786,-122.7264021
160530244,2016-02-22,38.45112279999999,-122.69179640000002
160530245,2016-02-22,38.43275302,-122.74586409999998
160530246,2016-02-22,38.41023308,-122.73214540000001
160530248,2016-02-22,38.4706443,-122.72981340000001
160530250,2016-02-22,38.44184295,-122.7128656
160530251,2016-02-22,38.4419527,-122.7107402
160530253,2016-02-22,38.46020829,-122.76460279999999
160530254,2016-02-22,38.43275302,-122.74586409999998
160530256,2016-02-22,38.44237486,-122.71168390000001
160530257,2016-02-22,38.45258756,-122.7513351
160530258,2016-02-22,38.44679807,-122.72251200000001
160530259,2016-02-22,38.42291731,-122.70760179999999
160530260,2016-02-22,38.4419527,-122.7107402
160530261,2016-02-22,38.44379613,-122.706748
160530262,2016-02-22,38.42978207,-122.7194327
160530263,2016-02-22,38.4384119,-122.6968065
160530264,2016-02-22,38.43466572,-122.71957340000002
160530265,2016-02-22,38.46465906,-122.64298559999999
160530267,2016-02-22,38.46499934,-122.73263840000001
160530268,2016-02-22,38.44564739,-122.7177125
160530270,2016-02-22,38.44502788,-122.7211998
160530271,2016-02-22,38.4379375,-122.7615328
160530272,2016-02-22,38.4384119,-122.6968065
160530275,2016-02-22,38.44121202,-122.7123828
160530277,2016-02-22,38.48047472,-122.7561182
160530278,2016-02-22,38.46421777,-122.72841559999999
160530280,2016-02-22,38.43456184,-122.6997523
160530281,2016-02-22,38.40971025,-122.7134884
160530282,2016-02-22,38.45406768,-122.7730892
160530283,2016-02-22,38.43541921,-122.7277581
160530284,2016-02-22,38.43294769,-122.7445656
160530285,2016-02-22,38.4017295,-122.7100702
160530286,2016-02-22,38.43024644,-122.7269034
160530287,2016-02-22,38.44858629,-122.7544753
160530288,2016-02-22,38.45760065,-122.7266173
160530289,2016-02-22,38.42667862,-122.70982820000002
160530290,2016-02-22,38.44121202,-122.7123828
160530291,2016-02-22,38.47970598,-122.7471494
160530292,2016-02-22,38.44389693,-122.708675
160530294,2016-02-22,38.44403502,-122.70426709999998
160530295,2016-02-22,38.46380142,-122.75193829999999
160530296,2016-02-22,38.43616447,-122.66898300000001
160530298,2016-02-22,38.42631489,-122.7483847
160530299,2016-02-22,38.42083759,-122.71664879999999
160530300,2016-02-22,38.44036347,-122.70283090000001
160530301,2016-02-22,38.47452626,-122.747033
160530302,2016-02-22,38.476620000000004,-122.6634653
160530303,2016-02-22,38.43525419,-122.6859145
160530304,2016-02-22,38.43243269,-122.7709328
160530305,2016-02-22,38.43275302,-122.74586409999998
160530308,2016-02-22,38.41908418,-122.69950530000001
160530309,2016-02-22,38.45476696,-122.7173608
160530310,2016-02-22,38.425103,-122.70460220000001
160530311,2016-02-22,38.40654083,-122.71198590000002
160530312,2016-02-22,38.46505778,-122.71938200000001
160530313,2016-02-22,38.44520683,-122.68781979999999
160530314,2016-02-22,38.44165364,-122.7306304
160530315,2016-02-22,38.41646107,-122.70881059999999
160530316,2016-02-22,38.47272814,-122.7332097
160530320,2016-02-22,38.44462863,-122.7170749
160530322,2016-02-22,38.44724245,-122.7122398
160530323,2016-02-22,38.45406102,-122.7340969
160530324,2016-02-22,38.42083759,-122.71664879999999
160530325,2016-02-22,38.45677728,-122.70244550000001
160530326,2016-02-22,38.41689989,-122.70285770000001
160530327,2016-02-22,38.40713665,-122.74139550000001
160530328,2016-02-22,38.43416699,-122.70928390000002
160530329,2016-02-22,38.45884356,-122.7326085
160530332,2016-02-22,38.43800758,-122.76873909999998
160530333,2016-02-22,38.4384119,-122.6968065
160530334,2016-02-22,38.46578596,-122.7164578
160530335,2016-02-22,38.44562427,-122.7160877
160530338,2016-02-22,38.43286531,-122.68910249999999
160530339,2016-02-22,38.4566231,-122.6469406
160530340,2016-02-22,38.45830449,-122.67546259999999
160530341,2016-02-22,38.44867446,-122.76964650000001
160530342,2016-02-22,38.43903444,-122.71295049999999
160530343,2016-02-22,38.44540732,-122.7394594
160530344,2016-02-22,38.42120417,-122.71350090000001
160530345,2016-02-22,38.44036347,-122.70283090000001
160530346,2016-02-22,38.4414495,-122.7190885
160530347,2016-02-22,38.43543015,-122.6582384
160530349,2016-02-22,38.42683241,-122.76022309999999
160530350,2016-02-22,38.4642155,-122.7302291
160530351,2016-02-22,38.42135934,-122.7147642
160530352,2016-02-22,38.41023308,-122.73214540000001
160530353,2016-02-22,38.47024813,-122.71729209999998
160530355,2016-02-22,38.45437446,-122.7321686
160530356,2016-02-22,38.47993514,-122.65687679999999
160530358,2016-02-22,38.45088481,-122.7696476
160530359,2016-02-22,38.45880608,-122.717197
160530360,2016-02-22,38.44403502,-122.70426709999998
160530362,2016-02-22,38.45803531,-122.6729237
160530364,2016-02-22,38.44848820000001,-122.7361192
160530365,2016-02-22,38.47806018,-122.7210617
160530366,2016-02-22,38.43535628,-122.7120801
160530368,2016-02-22,38.45154944,-122.66967520000001
160530369,2016-02-22,38.42685471,-122.7413163
160530370,2016-02-22,38.43769345,-122.71779679999999
160530372,2016-02-22,38.44654316,-122.6880353
160530373,2016-02-22,38.45154944,-122.66967520000001
160530374,2016-02-22,38.45406768,-122.7730892
160530375,2016-02-22,38.46660123,-122.6703453
160530376,2016-02-22,38.42798999,-122.6690037
160530378,2016-02-22,38.44146345,-122.7398986
160530379,2016-02-22,38.46505683,-122.65784140000001
160530380,2016-02-22,38.44827725,-122.7397233
160530381,2016-02-22,38.44214069,-122.7152604
160530382,2016-02-22,38.43516241,-122.68761950000001
160530383,2016-02-22,38.42555317,-122.7033124
160530384,2016-02-22,38.47536781,-122.7323398
160530385,2016-02-22,38.41602702,-122.73996770000001
160530386,2016-02-22,38.43143133,-122.71127560000001
160530387,2016-02-22,38.43164326,-122.7053655
160530390,2016-02-22,38.41646084,-122.709951
160530391,2016-02-22,38.41902829,-122.70436059999999
160530392,2016-02-22,38.42851153,-122.745236
160530393,2016-02-22,38.40371518,-122.72749820000001
160530395,2016-02-22,38.43541921,-122.7277581
160530396,2016-02-22,38.46421777,-122.72841559999999
160530397,2016-02-22,38.44701863,-122.6863759
160530398,2016-02-22,38.46482899,-122.65142639999999
160530399,2016-02-22,38.44540732,-122.7394594
160530400,2016-02-22,38.40476287,-122.7294371
160530401,2016-02-22,38.44072571,-122.71343290000002
160530402,2016-02-22,38.43182581,-122.7419237
160530403,2016-02-22,38.46854058,-122.7243281
160530404,2016-02-22,38.42220738,-122.70710849999999
160530405,2016-02-22,38.4453395,-122.7417051
160530406,2016-02-22,38.42168443,-122.7159514
160530407,2016-02-22,38.42120417,-122.71350090000001
160530408,2016-02-22,38.43379484,-122.74240049999999
160530409,2016-02-22,38.45329286,-122.71442990000001
160530410,2016-02-22,38.45969611,-122.67267859999998
160530412,2016-02-22,38.43059702,-122.7253189
160530413,2016-02-22,38.47200718,-122.7381105
160530414,2016-02-22,38.43853012,-122.7337009
160530415,2016-02-22,38.42291731,-122.70760179999999
160530417,2016-02-22,38.46738778,-122.74168359999999
160530419,2016-02-22,38.45029799,-122.68860159999998
160530420,2016-02-22,38.42320746,-122.73936950000001
160530421,2016-02-22,38.43379484,-122.74240049999999
160530422,2016-02-22,38.45991177,-122.7284087
160530423,2016-02-22,38.44155811,-122.73775259999998
160530424,2016-02-22,38.45991177,-122.7284087
160530425,2016-02-22,38.47971079,-122.7352915
160530426,2016-02-22,38.436027,-122.721355
160530427,2016-02-22,38.46081666,-122.71832040000001
160530428,2016-02-22,38.44161484,-122.7289686
160530429,2016-02-22,38.42763646,-122.73785079999999
160530430,2016-02-22,38.46505778,-122.71938200000001
160530431,2016-02-22,38.45168519,-122.6992001
160530432,2016-02-22,38.46205641,-122.71894850000001
160530433,2016-02-22,38.41421584,-122.73006070000001
160530434,2016-02-22,38.47970915,-122.7351243
160530435,2016-02-22,38.43102634,-122.7235509
160530436,2016-02-22,38.4379375,-122.7615328
160540001,2016-02-23,38.413219700000006,-122.7135365
160540002,2016-02-23,38.45406768,-122.7730892
160540003,2016-02-23,38.41632629,-122.7272341
160540004,2016-02-23,38.47364139,-122.7208081
160540005,2016-02-23,38.45025402,-122.72648290000001
160540007,2016-02-23,38.4280234,-122.7250038
160540008,2016-02-23,38.46081666,-122.71832040000001
160540009,2016-02-23,38.4640649,-122.737472
160540010,2016-02-23,38.413219700000006,-122.7135365
160540011,2016-02-23,38.45258756,-122.7513351
160540012,2016-02-23,38.46121774,-122.71653300000001
160540013,2016-02-23,38.45259497,-122.670344
160540014,2016-02-23,38.45127443,-122.68738940000001
160540015,2016-02-23,38.45681756,-122.7449037
160540016,2016-02-23,38.46170103,-122.7151804
160540017,2016-02-23,38.44651609,-122.69694720000001
160540018,2016-02-23,38.45406768,-122.7730892
160540019,2016-02-23,38.44577885,-122.72255679999999
160540020,2016-02-23,38.46912427,-122.7326346
160540021,2016-02-23,38.44072571,-122.71343290000002
160540022,2016-02-23,38.46421777,-122.72841559999999
160540026,2016-02-23,38.47306055,-122.76806129999999
160540027,2016-02-23,38.42646079,-122.72853429999999
160540028,2016-02-23,38.44036347,-122.70283090000001
160540029,2016-02-23,38.43343219,-122.72632890000001
160540030,2016-02-23,38.4642155,-122.7302291
160540031,2016-02-23,38.45406102,-122.7340969
160540032,2016-02-23,38.413219700000006,-122.7135365
160540033,2016-02-23,38.42948346,-122.7173832
160540034,2016-02-23,38.42228018,-122.7094669
160540036,2016-02-23,38.47686128,-122.7381217
160540037,2016-02-23,38.47686128,-122.7381217
160540038,2016-02-23,38.44338039,-122.7133716
160540039,2016-02-23,38.45803531,-122.6729237
160540043,2016-02-23,38.43379484,-122.74240049999999
160540045,2016-02-23,38.47399546,-122.738114
160540046,2016-02-23,38.44389187,-122.7165195
160540047,2016-02-23,38.44024639,-122.5825606
160540049,2016-02-23,38.47563208,-122.7307313
160540050,2016-02-23,38.4453395,-122.7417051
160540051,2016-02-23,38.45991177,-122.7284087
160540052,2016-02-23,38.4419527,-122.7107402
160540053,2016-02-23,38.45154944,-122.66967520000001
160540055,2016-02-23,38.45314275,-122.7372511
160540057,2016-02-23,38.45998549,-122.7302449
160540058,2016-02-23,38.41646107,-122.70881059999999
160540059,2016-02-23,38.47364139,-122.7208081
160540060,2016-02-23,38.42628117,-122.65781170000001
160540061,2016-02-23,38.46911416,-122.7036761
160540062,2016-02-23,38.41906182,-122.70772959999998
160540063,2016-02-23,38.44121202,-122.7123828
160540065,2016-02-23,38.44914709,-122.7012953
160540066,2016-02-23,38.45997829,-122.7406116
160540067,2016-02-23,38.49616689,-122.7553478
160540068,2016-02-23,38.45998531,-122.7350344
160540069,2016-02-23,38.43770367,-122.5848683
160540070,2016-02-23,38.46331595,-122.6749892
160540073,2016-02-23,38.41411651,-122.74523799999999
160540076,2016-02-23,38.47971264,-122.74219690000001
160540077,2016-02-23,38.45998531,-122.7350344
160540079,2016-02-23,38.45991177,-122.7284087
160540080,2016-02-23,38.44121202,-122.7123828
160540081,2016-02-23,38.46714529,-122.7562925
160540082,2016-02-23,38.45956577,-122.7190646
160540083,2016-02-23,38.43701961,-122.7158571
160540084,2016-02-23,38.468849600000006,-122.7582854
160540085,2016-02-23,38.44046322,-122.5964035
160540088,2016-02-23,38.46324508,-122.6758038
160540090,2016-02-23,38.46490002,-122.7545084
160540091,2016-02-23,38.46204646,-122.7256189
160540092,2016-02-23,38.47970235,-122.73446640000002
160540093,2016-02-23,38.461223499999996,-122.6805096
160540097,2016-02-23,38.4491776,-122.7577828
160540099,2016-02-23,38.460974,-122.72521499999999
160540100,2016-02-23,38.38776347,-122.70903590000002
160540101,2016-02-23,38.42502148,-122.6692619
160540102,2016-02-23,38.45993819,-122.7267705
160540103,2016-02-23,38.420051,-122.666452
160540105,2016-02-23,38.41911013,-122.7008114
160540108,2016-02-23,38.40848214,-122.7393886
160540109,2016-02-23,38.42585217,-122.7024686
160540111,2016-02-23,38.46063198,-122.6444332
160540113,2016-02-23,38.42992011,-122.7476531
160540114,2016-02-23,38.46426095,-122.66929579999999
160540115,2016-02-23,38.470332,-122.6492118
160540117,2016-02-23,38.43379484,-122.74240049999999
160540119,2016-02-23,38.46973047,-122.73660500000001
160540120,2016-02-23,38.44797429,-122.72032709999999
160540121,2016-02-23,38.43024644,-122.7269034
160540122,2016-02-23,38.45956577,-122.7190646
160540123,2016-02-23,38.4453395,-122.7417051
160540124,2016-02-23,38.44757785,-122.66612079999999
160540125,2016-02-23,38.43507093,-122.70536129999999
160540127,2016-02-23,38.4640649,-122.737472
160540130,2016-02-23,38.45974038,-122.7429957
160540131,2016-02-23,38.43965855,-122.71341480000001
160540133,2016-02-23,38.42205332,-122.72923259999999
160540134,2016-02-23,38.42644233,-122.7466994
160540135,2016-02-23,38.44972,-122.68848009999999
160540137,2016-02-23,38.43286531,-122.68910249999999
160540138,2016-02-23,38.43770367,-122.5848683
160540139,2016-02-23,38.46790152,-122.74753259999999
160540140,2016-02-23,38.4267074,-122.7186929
160540141,2016-02-23,38.44036347,-122.70283090000001
160540142,2016-02-23,38.452966499999995,-122.731721
160540143,2016-02-23,38.44036347,-122.70283090000001
160540144,2016-02-23,38.45991177,-122.7284087
160540147,2016-02-23,38.47296012,-122.74718390000001
160540148,2016-02-23,38.47074837,-122.7623508
160540149,2016-02-23,38.42703197,-122.6655563
160540150,2016-02-23,38.41423123,-122.72930159999999
160540152,2016-02-23,38.44076213,-122.7215076
160540154,2016-02-23,38.42154975,-122.7310861
160540155,2016-02-23,38.46063198,-122.6444332
160540157,2016-02-23,38.45811611,-122.74114569999999
160540158,2016-02-23,38.44751446,-122.7696459
160540160,2016-02-23,38.43022801,-122.71107930000001
160540161,2016-02-23,38.43129081,-122.72242279999999
160540162,2016-02-23,38.47649064,-122.6573244
160540163,2016-02-23,38.413219700000006,-122.7135365
160540164,2016-02-23,38.44265053,-122.6945043
160540165,2016-02-23,38.43223811,-122.58350630000001
160540168,2016-02-23,38.4488463,-122.67471640000001
160540169,2016-02-23,38.46840455,-122.70757859999999
160540170,2016-02-23,38.43657466,-122.7380811
160540171,2016-02-23,38.40971025,-122.7134884
160540172,2016-02-23,38.43971531,-122.71565840000001
160540173,2016-02-23,38.42461893,-122.7175544
160540174,2016-02-23,38.40183339,-122.7210207
160540175,2016-02-23,38.45909335,-122.71717520000001
160540176,2016-02-23,38.46204646,-122.7256189
160540177,2016-02-23,38.4477785,-122.74880879999999
160540178,2016-02-23,38.45363033,-122.72840559999999
160540180,2016-02-23,38.46415311,-122.7258716
160540181,2016-02-23,38.412161,-122.736976
160540182,2016-02-23,38.44867956,-122.7202814
160540183,2016-02-23,38.47399546,-122.738114
160540184,2016-02-23,38.45880608,-122.717197
160540186,2016-02-23,38.46421777,-122.72841559999999
160540187,2016-02-23,38.47929434,-122.6577925
160540188,2016-02-23,38.41649031,-122.70427279999998
160540189,2016-02-23,38.44036347,-122.70283090000001
160540191,2016-02-23,38.43817831,-122.7167402
160540193,2016-02-23,38.45463396,-122.71176100000001
160540194,2016-02-23,38.46096914,-122.7511908
160540196,2016-02-23,38.45112279999999,-122.69179640000002
160540197,2016-02-23,38.455409499999995,-122.72817260000001
160540198,2016-02-23,38.42653552,-122.5768409
160540200,2016-02-23,38.47203079,-122.7325019
160540201,2016-02-23,38.42197193,-122.7103328
160540202,2016-02-23,38.44876877,-122.67221440000002
160540203,2016-02-23,38.43267275,-122.76607649999998
160540204,2016-02-23,38.45737181,-122.74114840000001
160540205,2016-02-23,38.45476696,-122.7173608
160540207,2016-02-23,38.39892694,-122.71350679999999
160540209,2016-02-23,38.44023055,-122.7145525
160540210,2016-02-23,38.43805776,-122.7211803
160540211,2016-02-23,38.4453183,-122.76332409999999
160540213,2016-02-23,38.4323645,-122.704449
160540214,2016-02-23,38.42461893,-122.7175544
160540215,2016-02-23,38.44036347,-122.70283090000001
160540216,2016-02-23,38.43717277,-122.73323909999998
160540219,2016-02-23,38.46421777,-122.72841559999999
160540222,2016-02-23,38.42866101,-122.74153390000002
160540223,2016-02-23,38.45956577,-122.7190646
160540224,2016-02-23,38.45644078,-122.71292530000001
160540227,2016-02-23,38.45112279999999,-122.69179640000002
160540228,2016-02-23,38.47536781,-122.7323398
160540229,2016-02-23,38.40674256,-122.719351
160540230,2016-02-23,38.44036347,-122.70283090000001
160540232,2016-02-23,38.44550263,-122.7123095
160540235,2016-02-23,38.45336896,-122.717404
160540236,2016-02-23,38.45884356,-122.7326085
160540237,2016-02-23,38.42393394,-122.729546
160540239,2016-02-23,38.47598208,-122.73298249999999
160540242,2016-02-23,38.43992913,-122.7193773
160540248,2016-02-23,38.44036347,-122.70283090000001
160540249,2016-02-23,38.46311909,-122.7182737
160540250,2016-02-23,38.43980197,-122.6853689
160540253,2016-02-23,38.43992913,-122.7193773
160540254,2016-02-23,38.46236631,-122.7550041
160540255,2016-02-23,38.43535628,-122.7120801
160540256,2016-02-23,38.45437446,-122.7321686
160540257,2016-02-23,38.44036347,-122.70283090000001
160540261,2016-02-23,38.44563699,-122.7342003
160540262,2016-02-23,38.47445236,-122.6620158
160540264,2016-02-23,38.42739284,-122.71183359999999
160540265,2016-02-23,38.41906182,-122.70772959999998
160540266,2016-02-23,38.44283969,-122.67294270000001
160540267,2016-02-23,38.45112279999999,-122.69179640000002
160540268,2016-02-23,38.45884356,-122.7326085
160540269,2016-02-23,38.43379484,-122.74240049999999
160540270,2016-02-23,38.46709833,-122.7512155
160540271,2016-02-23,38.48216624,-122.67348270000001
160540272,2016-02-23,38.41333341,-122.7171869
160540273,2016-02-23,38.43862443,-122.71994099999999
160540274,2016-02-23,38.44155811,-122.73775259999998
160540278,2016-02-23,38.46713633,-122.76583049999999
160540280,2016-02-23,38.44358106,-122.69110149999999
160540281,2016-02-23,38.43327339,-122.6955023
160540282,2016-02-23,38.4323645,-122.704449
160540283,2016-02-23,38.44507274,-122.6856783
160540284,2016-02-23,38.46873386,-122.74485390000001
160540285,2016-02-23,38.44219738,-122.6853675
160540287,2016-02-23,38.43701961,-122.7158571
160540289,2016-02-23,38.43758666,-122.67766670000002
160540290,2016-02-23,38.47686128,-122.7381217
160540291,2016-02-23,38.44521652,-122.74903090000001
160540292,2016-02-23,38.43811582,-122.6986665
160540293,2016-02-23,38.47297747,-122.72614070000002
160540295,2016-02-23,38.47037713,-122.7229361
160540297,2016-02-23,38.42291731,-122.70760179999999
160540298,2016-02-23,38.43799433,-122.70998449999999
160540299,2016-02-23,38.40674256,-122.719351
160540302,2016-02-23,38.44036347,-122.70283090000001
160540303,2016-02-23,38.43840614,-122.7225159
160540304,2016-02-23,38.43541921,-122.7277581
160540305,2016-02-23,38.45998808,-122.72469280000001
160540306,2016-02-23,38.44651609,-122.69694720000001
160540308,2016-02-23,38.44379613,-122.706748
160540309,2016-02-23,38.44114633,-122.71012549999999
160540310,2016-02-23,38.42890225,-122.7621197
160540311,2016-02-23,38.45154944,-122.66967520000001
160540313,2016-02-23,38.4388948,-122.68720800000001
160540314,2016-02-23,38.44848820000001,-122.7361192
160540315,2016-02-23,38.46498999,-122.6559413
160540317,2016-02-23,38.40486649,-122.71004209999998
160540318,2016-02-23,38.45998099,-122.73801110000001
160540319,2016-02-23,38.45254856,-122.7696375
160540320,2016-02-23,38.44036347,-122.70283090000001
160540321,2016-02-23,38.45873641,-122.67438670000001
160540325,2016-02-23,38.45873641,-122.67438670000001
160540326,2016-02-23,38.45496838,-122.6721729
160540327,2016-02-23,38.42440817,-122.7515988
160540328,2016-02-23,38.45760065,-122.7266173
160540329,2016-02-23,38.47297747,-122.72614070000002
160540331,2016-02-23,38.44453735,-122.7123395
160540332,2016-02-23,38.45496838,-122.6721729
160540333,2016-02-23,38.45884356,-122.7326085
160540334,2016-02-23,38.470332,-122.6492118
160540335,2016-02-23,38.42417658,-122.753153
160540337,2016-02-23,38.43700831,-122.7403962
160540338,2016-02-23,38.47414784,-122.7681074
160540340,2016-02-23,38.44038228,-122.7161508
160540341,2016-02-23,38.49035449,-122.68964220000001
160540342,2016-02-23,38.47452626,-122.747033
160540343,2016-02-23,38.44827725,-122.7397233
160540346,2016-02-23,38.46171885,-122.6944872
160540347,2016-02-23,38.45651115,-122.7362721
160540348,2016-02-23,38.4394771,-122.72221869999998
160540349,2016-02-23,38.47384812,-122.7423256
160540351,2016-02-23,38.42380643,-122.713507
160540352,2016-02-23,38.41861552,-122.71351829999999
160540353,2016-02-23,38.42354054,-122.731278
160540354,2016-02-23,38.45171218,-122.6329963
160540355,2016-02-23,38.43477608,-122.736604
160540357,2016-02-23,38.46311909,-122.7182737
160540358,2016-02-23,38.46132246,-122.6679426
160540360,2016-02-23,38.46063198,-122.6444332
160540361,2016-02-23,38.4394771,-122.72221869999998
160540362,2016-02-23,38.45258756,-122.7513351
160540363,2016-02-23,38.42674234,-122.7430645
160540364,2016-02-23,38.46233298,-122.7417378
160540365,2016-02-23,38.46550281,-122.71448899999999
160540366,2016-02-23,38.4280234,-122.7250038
160540367,2016-02-23,38.45956577,-122.7190646
160540368,2016-02-23,38.45473349,-122.71569050000001
160540370,2016-02-23,38.45406768,-122.7730892
160540371,2016-02-23,38.43412344,-122.72660729999998
160540372,2016-02-23,38.44036347,-122.70283090000001
160540373,2016-02-23,38.47821614,-122.75217190000001
160540375,2016-02-23,38.470332,-122.6492118
160540376,2016-02-23,38.43701961,-122.7158571
160540377,2016-02-23,38.4384119,-122.6968065
160540378,2016-02-23,38.45996937,-122.73166409999999
160540379,2016-02-23,38.42030020000001,-122.71351090000002
160540381,2016-02-23,38.43903444,-122.71295049999999
160540382,2016-02-23,38.43563174,-122.68644669999999
160540384,2016-02-23,38.42685471,-122.7413163
160540385,2016-02-23,38.48222812,-122.66858159999998
160540386,2016-02-23,38.42762049,-122.7103777
160540388,2016-02-23,38.42674234,-122.7430645
160540389,2016-02-23,38.41906182,-122.70772959999998
160540391,2016-02-23,38.47792336,-122.669486
160540392,2016-02-23,38.43102634,-122.7235509
160540393,2016-02-23,38.47473016,-122.6717504
160540394,2016-02-23,38.44036347,-122.70283090000001
160540395,2016-02-23,38.49297839,-122.69703229999999
160540396,2016-02-23,38.41480879,-122.7590324
160540397,2016-02-23,38.46101047,-122.71060890000001
160540398,2016-02-23,38.43456184,-122.6997523
160540399,2016-02-23,38.42428844,-122.72065079999999
160540400,2016-02-23,38.42628961,-122.66405870000001
160540401,2016-02-23,38.44978962,-122.752269
160540402,2016-02-23,38.41047827,-122.70569820000001
160540404,2016-02-23,38.44803856,-122.7224506
160540405,2016-02-23,38.43102634,-122.7235509
160540406,2016-02-23,38.46563068,-122.7512033
160540407,2016-02-23,38.43639973,-122.7477476
160540409,2016-02-23,38.47686128,-122.7381217
160540410,2016-02-23,38.40186649,-122.71348429999999
160540411,2016-02-23,38.44165364,-122.7306304
160540413,2016-02-23,38.47686128,-122.7381217
160540414,2016-02-23,38.47970235,-122.73446640000002
160540416,2016-02-23,38.40218648,-122.71088030000001
160540417,2016-02-23,38.47929434,-122.6577925
160540418,2016-02-23,38.46424047,-122.7143848
160540419,2016-02-23,38.44036347,-122.70283090000001
160540420,2016-02-23,38.46121774,-122.71653300000001
160540422,2016-02-23,38.47970235,-122.73446640000002
160540423,2016-02-23,38.45258756,-122.7513351
160540424,2016-02-23,38.42628117,-122.65781170000001
160540425,2016-02-23,38.4632766,-122.7229096
160540426,2016-02-23,38.45260372,-122.7336335
160540427,2016-02-23,38.45576138,-122.7264186
160540428,2016-02-23,38.44285521,-122.7017068
160540429,2016-02-23,38.45946396,-122.66634590000001
160540430,2016-02-23,38.45729964,-122.7155831
160540431,2016-02-23,38.413219700000006,-122.7135365
160540432,2016-02-23,38.46808224,-122.7603815
160540433,2016-02-23,38.44522915,-122.71871850000001
160540434,2016-02-23,38.41648379,-122.6977423
160540435,2016-02-23,38.44379613,-122.706748
160540436,2016-02-23,38.43800415,-122.7669201
160540437,2016-02-23,38.46755176,-122.6523726
160540438,2016-02-23,38.44036347,-122.70283090000001
160540439,2016-02-23,38.47971181,-122.73813090000002
160540441,2016-02-23,38.46329334,-122.72223729999999
160540442,2016-02-23,38.44247477,-122.68483470000001
160540445,2016-02-23,38.45546474,-122.7379425
160540446,2016-02-23,38.46421777,-122.72841559999999
160540447,2016-02-23,38.43194538,-122.7088291
160540448,2016-02-23,38.45546474,-122.7379425
160540449,2016-02-23,38.42519709,-122.6657795
160540450,2016-02-23,38.42535996,-122.761453
160540451,2016-02-23,38.44668339,-122.7177146
160540452,2016-02-23,38.46121774,-122.71653300000001
160540453,2016-02-23,38.44502788,-122.7211998
160540454,2016-02-23,38.47021665,-122.7243183
160550001,2016-02-24,38.44692673,-122.70178290000001
160550002,2016-02-24,38.4339454,-122.69939879999998
160550003,2016-02-24,38.44848820000001,-122.7361192
160550004,2016-02-24,38.4349256,-122.709445
160550005,2016-02-24,38.46204646,-122.7256189
160550007,2016-02-24,38.44379613,-122.706748
160550008,2016-02-24,38.43372932,-122.7286318
160550009,2016-02-24,38.48000871,-122.67816450000001
160550010,2016-02-24,38.4280234,-122.7250038
160550011,2016-02-24,38.42738299,-122.69244409999999
160550012,2016-02-24,38.45258756,-122.7513351
160550015,2016-02-24,38.47971079,-122.7352915
160550016,2016-02-24,38.46170103,-122.7151804
160550017,2016-02-24,38.43670375,-122.7558315
160550018,2016-02-24,38.46505778,-122.71938200000001
160550019,2016-02-24,38.45880608,-122.717197
160550020,2016-02-24,38.4452399,-122.75130279999999
160550021,2016-02-24,38.46311909,-122.7182737
160550022,2016-02-24,38.46840455,-122.70757859999999
160550023,2016-02-24,38.46311909,-122.7182737
160550024,2016-02-24,38.46201637,-122.71424209999998
160550025,2016-02-24,38.46755176,-122.6523726
160550026,2016-02-24,38.46720043,-122.72433079999999
160550028,2016-02-24,38.44792647,-122.6752873
160550029,2016-02-24,38.44522915,-122.71871850000001
160550030,2016-02-24,38.44315547,-122.7081412
160550031,2016-02-24,38.44564739,-122.7177125
160550032,2016-02-24,38.43033883,-122.7175395
160550033,2016-02-24,38.478458,-122.728406
160550034,2016-02-24,38.45490251,-122.7696699
160550035,2016-02-24,38.425824,-122.761477
160550036,2016-02-24,38.45101284,-122.6867938
160550037,2016-02-24,38.44403502,-122.70426709999998
160550038,2016-02-24,38.44285521,-122.7017068
160550039,2016-02-24,38.41480879,-122.7590324
160550041,2016-02-24,38.47598208,-122.73298249999999
160550042,2016-02-24,38.44106649,-122.72008590000002
160550043,2016-02-24,38.452966499999995,-122.731721
160550044,2016-02-24,38.43879551,-122.7084638
160550045,2016-02-24,38.42228018,-122.7094669
160550046,2016-02-24,38.42490755,-122.74395849999999
160550047,2016-02-24,38.47455094,-122.7381111
160550048,2016-02-24,38.47970235,-122.73446640000002
160550049,2016-02-24,38.44261475,-122.6807874
160550050,2016-02-24,38.43903444,-122.71295049999999
160550051,2016-02-24,38.41646107,-122.70881059999999
160550054,2016-02-24,38.4453395,-122.7417051
160550055,2016-02-24,38.46718776,-122.653636
160550056,2016-02-24,38.45873641,-122.67438670000001
160550057,2016-02-24,38.47970235,-122.73446640000002
160550058,2016-02-24,38.4190005,-122.6956732
160550059,2016-02-24,38.4388948,-122.68720800000001
160550060,2016-02-24,38.46714325,-122.76007800000001
160550061,2016-02-24,38.41906182,-122.70772959999998
160550062,2016-02-24,38.41646107,-122.70881059999999
160550064,2016-02-24,38.42683241,-122.76022309999999
160550065,2016-02-24,38.43897984,-122.7107765
160550067,2016-02-24,38.45938071,-122.73149309999998
160550068,2016-02-24,38.43776289,-122.6873821
160550069,2016-02-24,38.44063542,-122.6768163
160550070,2016-02-24,38.420051,-122.666452
160550071,2016-02-24,38.44323563,-122.74667679999999
160550072,2016-02-24,38.42984924,-122.74171740000001
160550073,2016-02-24,38.48175184,-122.658198
160550074,2016-02-24,38.44050956,-122.6562713
160550075,2016-02-24,38.45683688,-122.75211399999999
160550076,2016-02-24,38.44160038,-122.66174029999999
160550077,2016-02-24,38.44451414,-122.68771240000001
160550078,2016-02-24,38.43799433,-122.70998449999999
160550079,2016-02-24,38.44340813,-122.7323483
160550081,2016-02-24,38.44942048,-122.7223808
160550082,2016-02-24,38.46230051,-122.66904170000001
160550083,2016-02-24,38.45683688,-122.75211399999999
160550084,2016-02-24,38.42799584,-122.668269
160550085,2016-02-24,38.40972357,-122.726025
160550086,2016-02-24,38.45577955,-122.70801940000001
160550087,2016-02-24,38.41844608,-122.69567920000001
160550090,2016-02-24,38.4642155,-122.7302291
160550091,2016-02-24,38.41064839,-122.7293344
160550092,2016-02-24,38.41032727,-122.73419990000001
160550093,2016-02-24,38.44572374,-122.72041010000001
160550094,2016-02-24,38.40890187,-122.7134972
160550095,2016-02-24,38.42674234,-122.7430645
160550096,2016-02-24,38.43406807,-122.7047886
160550097,2016-02-24,38.46343658,-122.74652720000002
160550098,2016-02-24,38.46275693,-122.74931380000001
160550099,2016-02-24,38.46886272,-122.7547568
160550100,2016-02-24,38.46315826,-122.66747439999999
160550101,2016-02-24,38.40851169,-122.73663329999998
160550102,2016-02-24,38.42604873,-122.7169398
160550103,2016-02-24,38.44166603,-122.6981038
160550104,2016-02-24,38.448452,-122.76357959999999
160550105,2016-02-24,38.41861552,-122.71351829999999
160550106,2016-02-24,38.44036347,-122.70283090000001
160550108,2016-02-24,38.4384119,-122.6968065
160550110,2016-02-24,38.44474263,-122.70504150000001
160550111,2016-02-24,38.44562427,-122.7160877
160550112,2016-02-24,38.48073660000001,-122.7585338
160550113,2016-02-24,38.46421777,-122.72841559999999
160550114,2016-02-24,38.44392348,-122.7187663
160550116,2016-02-24,38.44315547,-122.7081412
160550117,2016-02-24,38.43971531,-122.71565840000001
160550118,2016-02-24,38.450451,-122.749801
160550120,2016-02-24,38.46447702,-122.6866385
160550121,2016-02-24,38.46498999,-122.6559413
160550122,2016-02-24,38.452966499999995,-122.731721
160550124,2016-02-24,38.43370644,-122.6872527
160550126,2016-02-24,38.44107108,-122.7002737
160550130,2016-02-24,38.4411571,-122.7250719
160550133,2016-02-24,38.44438735,-122.7246245
160550135,2016-02-24,38.4477785,-122.74880879999999
160550136,2016-02-24,38.45998808,-122.72469280000001
160550138,2016-02-24,38.44554349,-122.71352350000001
160550139,2016-02-24,38.42266675,-122.71351979999999
160550140,2016-02-24,38.45762,-122.67654309999999
160550141,2016-02-24,38.45906776,-122.6330267
160550143,2016-02-24,38.47298177,-122.6382836
160550144,2016-02-24,38.43665196,-122.71227809999999
160550146,2016-02-24,38.4411571,-122.7250719
160550147,2016-02-24,38.43477161,-122.7238712
160550148,2016-02-24,38.46311909,-122.7182737
160550149,2016-02-24,38.42878663,-122.6941185
160550150,2016-02-24,38.4527299,-122.66173640000001
160550152,2016-02-24,38.44532601,-122.76962730000001
160550153,2016-02-24,38.41763017,-122.71351940000001
160550154,2016-02-24,38.43056197,-122.69242009999999
160550155,2016-02-24,38.46514621,-122.665481
160550156,2016-02-24,38.469396,-122.7648366
160550157,2016-02-24,38.42739284,-122.71183359999999
160550158,2016-02-24,38.4414495,-122.7190885
160550159,2016-02-24,38.47971079,-122.7352915
160550160,2016-02-24,38.4414495,-122.7190885
160550161,2016-02-24,38.43876378,-122.7216926
160550163,2016-02-24,38.42628961,-122.66405870000001
160550169,2016-02-24,38.45758929,-122.7178531
160550171,2016-02-24,38.42546158,-122.6692824
160550172,2016-02-24,38.41618927,-122.71351899999999
160550173,2016-02-24,38.44036347,-122.70283090000001
160550174,2016-02-24,38.44581039,-122.7304284
160550175,2016-02-24,38.46421777,-122.72841559999999
160550176,2016-02-24,38.44403502,-122.70426709999998
160550179,2016-02-24,38.44036347,-122.70283090000001
160550180,2016-02-24,38.46936264,-122.6529764
160550181,2016-02-24,38.4331949,-122.7341129
160550182,2016-02-24,38.41193064,-122.7086547
160550185,2016-02-24,38.45974195,-122.7464246
160550189,2016-02-24,38.48216709,-122.6723959
160550191,2016-02-24,38.41515253,-122.7606377
160550193,2016-02-24,38.46709833,-122.7512155
160550194,2016-02-24,38.43853683,-122.68543740000001
160550195,2016-02-24,38.46276097,-122.719315
160550196,2016-02-24,38.42266675,-122.71351979999999
160550197,2016-02-24,38.42394960000001,-122.7174501
160550200,2016-02-24,38.43701961,-122.7158571
160550201,2016-02-24,38.45258078,-122.7568038
160550204,2016-02-24,38.44173424,-122.68725659999998
160550206,2016-02-24,38.46999814,-122.6624598
160550207,2016-02-24,38.45332356,-122.71574790000001
160550209,2016-02-24,38.41164352,-122.73429080000001
160550210,2016-02-24,38.45029207,-122.7276695
160550212,2016-02-24,38.44036347,-122.70283090000001
160550213,2016-02-24,38.46489349,-122.66040859999998
160550214,2016-02-24,38.44036347,-122.70283090000001
160550215,2016-02-24,38.42291731,-122.70760179999999
160550217,2016-02-24,38.46421777,-122.72841559999999
160550222,2016-02-24,38.45956577,-122.7190646
160550224,2016-02-24,38.44625536,-122.66192379999998
160550226,2016-02-24,38.42674234,-122.7430645
160550228,2016-02-24,38.46153765,-122.70994640000002
160550229,2016-02-24,38.45909335,-122.71717520000001
160550230,2016-02-24,38.432080299999996,-122.7190497
160550233,2016-02-24,38.44106649,-122.72008590000002
160550234,2016-02-24,38.42662926,-122.70681909999999
160550236,2016-02-24,38.40759323,-122.7366068
160550237,2016-02-24,38.44036347,-122.70283090000001
160550238,2016-02-24,38.44036347,-122.70283090000001
160550239,2016-02-24,38.4419527,-122.7107402
160550240,2016-02-24,38.47297747,-122.72614070000002
160550242,2016-02-24,38.43511943,-122.69815990000002
160550243,2016-02-24,38.42963331,-122.64960900000001
160550244,2016-02-24,38.44072571,-122.71343290000002
160550246,2016-02-24,38.42228018,-122.7094669
160550247,2016-02-24,38.46421777,-122.72841559999999
160550248,2016-02-24,38.42863935,-122.5870584
160550250,2016-02-24,38.44531078,-122.71774199999999
160550251,2016-02-24,38.46296651,-122.7164774
160550252,2016-02-24,38.44562427,-122.7160877
160550253,2016-02-24,38.43294769,-122.7445656
160550254,2016-02-24,38.42417658,-122.753153
160550256,2016-02-24,38.44379613,-122.706748
160550257,2016-02-24,38.44522915,-122.71871850000001
160550258,2016-02-24,38.47297747,-122.72614070000002
160550259,2016-02-24,38.44036347,-122.70283090000001
160550260,2016-02-24,38.44053199,-122.70968880000001
160550262,2016-02-24,38.40369615,-122.72865900000001
160550264,2016-02-24,38.42685471,-122.7413163
160550265,2016-02-24,38.46081666,-122.71832040000001
160550267,2016-02-24,38.42441393,-122.7066315
160550268,2016-02-24,38.452966499999995,-122.731721
160550269,2016-02-24,38.432080299999996,-122.7190497
160550270,2016-02-24,38.44214069,-122.7152604
160550271,2016-02-24,38.45370948,-122.68942309999998
160550272,2016-02-24,38.44550263,-122.7123095
160550274,2016-02-24,38.44114633,-122.71012549999999
160550275,2016-02-24,38.41259774,-122.7380221
160550276,2016-02-24,38.42030020000001,-122.71351090000002
160550277,2016-02-24,38.43033883,-122.7175395
160550278,2016-02-24,38.45884356,-122.7326085
160550280,2016-02-24,38.44036347,-122.70283090000001
160550281,2016-02-24,38.45503168,-122.73984640000002
160550282,2016-02-24,38.41429399,-122.71748640000001
160550283,2016-02-24,38.43312868,-122.70439609999998
160550284,2016-02-24,38.44036347,-122.70283090000001
160550285,2016-02-24,38.413219700000006,-122.7135365
160550286,2016-02-24,38.41644952,-122.7135188
160550287,2016-02-24,38.44797429,-122.72032709999999
160550288,2016-02-24,38.46311909,-122.7182737
160550289,2016-02-24,38.44379613,-122.706748
160550290,2016-02-24,38.45112279999999,-122.69179640000002
160550291,2016-02-24,38.43971531,-122.71565840000001
160550292,2016-02-24,38.44250791,-122.721028
160550293,2016-02-24,38.40950263,-122.7321369
160550295,2016-02-24,38.436294399999994,-122.76157920000001
160550296,2016-02-24,38.47971181,-122.73813090000002
160550297,2016-02-24,38.43971531,-122.71565840000001
160550298,2016-02-24,38.4384119,-122.6968065
160550300,2016-02-24,38.45134906,-122.6763227
160550301,2016-02-24,38.43965306,-122.70543
160550302,2016-02-24,38.46101229,-122.71717120000001
160550303,2016-02-24,38.47584638,-122.75024099999999
160550304,2016-02-24,38.4617073,-122.7055625
160550305,2016-02-24,38.4317809,-122.720331
160550306,2016-02-24,38.4706443,-122.72981340000001
160550307,2016-02-24,38.41233723,-122.74425020000001
160550308,2016-02-24,38.46484878,-122.67379469999999
160550310,2016-02-24,38.44521652,-122.74903090000001
160550311,2016-02-24,38.47536781,-122.7323398
160550312,2016-02-24,38.47700177,-122.65487479999999
160550313,2016-02-24,38.42307419,-122.7173908
160550316,2016-02-24,38.44181202,-122.7475528
160550317,2016-02-24,38.45462508,-122.71193259999998
160550319,2016-02-24,38.4184891,-122.737902
160550320,2016-02-24,38.46311909,-122.7182737
160550321,2016-02-24,38.45873641,-122.67438670000001
160550322,2016-02-24,38.44053199,-122.70968880000001
160550323,2016-02-24,38.43750841,-122.72865700000001
160550324,2016-02-24,38.46505778,-122.71938200000001
160550325,2016-02-24,38.40844715,-122.7134993
160550326,2016-02-24,38.44227895,-122.72239669999999
160550327,2016-02-24,38.44564739,-122.7177125
160550328,2016-02-24,38.41164352,-122.73429080000001
160550329,2016-02-24,38.42763646,-122.73785079999999
160550331,2016-02-24,38.47589392,-122.65910509999999
160550332,2016-02-24,38.44053199,-122.70968880000001
160550333,2016-02-24,38.45254856,-122.7696375
160550334,2016-02-24,38.43054545,-122.7110831
160550335,2016-02-24,38.45998549,-122.7302449
160550336,2016-02-24,38.45402786,-122.7264021
160550337,2016-02-24,38.41944926,-122.74740190000001
160550338,2016-02-24,38.46204646,-122.7256189
160550339,2016-02-24,38.40537639,-122.71188290000002
160550340,2016-02-24,38.44036347,-122.70283090000001
160550341,2016-02-24,38.46121774,-122.71653300000001
160550342,2016-02-24,38.47297747,-122.72614070000002
160550343,2016-02-24,38.44389187,-122.7165195
160550344,2016-02-24,38.47686128,-122.7381217
160550345,2016-02-24,38.42441393,-122.7066315
160550346,2016-02-24,38.44072571,-122.71343290000002
160550347,2016-02-24,38.40369615,-122.72865900000001
160550349,2016-02-24,38.44024639,-122.5825606
160550350,2016-02-24,38.48064997,-122.6651565
160550351,2016-02-24,38.4379375,-122.7615328
160550352,2016-02-24,38.47598208,-122.73298249999999
160550353,2016-02-24,38.4394771,-122.72221869999998
160550354,2016-02-24,38.4222799,-122.7185301
160550355,2016-02-24,38.45730241,-122.6712994
160550357,2016-02-24,38.455409499999995,-122.72817260000001
160550358,2016-02-24,38.43776285,-122.7142084
160550359,2016-02-24,38.45730241,-122.6712994
160550360,2016-02-24,38.46121774,-122.71653300000001
160550361,2016-02-24,38.46720043,-122.72433079999999
160550362,2016-02-24,38.4379375,-122.7615328
160550363,2016-02-24,38.47971181,-122.73813090000002
160550364,2016-02-24,38.47297747,-122.72614070000002
160550365,2016-02-24,38.47971181,-122.73813090000002
160550367,2016-02-24,38.44524539,-122.75437520000001
160550368,2016-02-24,38.46482899,-122.65142639999999
160550370,2016-02-24,38.42168443,-122.7159514
160550371,2016-02-24,38.43805776,-122.7211803
160550374,2016-02-24,38.46130305,-122.7490481
160550375,2016-02-24,38.41333341,-122.7171869
160550376,2016-02-24,38.45991177,-122.7284087
160550377,2016-02-24,38.42242956,-122.69455159999998
160550379,2016-02-24,38.45258756,-122.7513351
160550380,2016-02-24,38.46421777,-122.72841559999999
160550381,2016-02-24,38.42799584,-122.668269
160550382,2016-02-24,38.40392255,-122.713475
160550383,2016-02-24,38.42703197,-122.6655563
160550384,2016-02-24,38.45260372,-122.7336335
160550385,2016-02-24,38.43814749,-122.6705116
160560001,2016-02-25,38.42662926,-122.70681909999999
160560002,2016-02-25,38.43033883,-122.7175395
160560003,2016-02-25,38.45997246,-122.72571909999999
160560004,2016-02-25,38.44668339,-122.7177146
160560005,2016-02-25,38.45991177,-122.7284087
160560006,2016-02-25,38.42380643,-122.713507
160560007,2016-02-25,38.45803531,-122.6729237
160560008,2016-02-25,38.43699924,-122.6535128
160560009,2016-02-25,38.44389693,-122.708675
160560012,2016-02-25,38.46482899,-122.65142639999999
160560013,2016-02-25,38.44674233,-122.72038090000001
160560014,2016-02-25,38.42077055,-122.71735149999999
160560015,2016-02-25,38.46081666,-122.71832040000001
160560016,2016-02-25,38.452966499999995,-122.731721
160560017,2016-02-25,38.44577885,-122.72255679999999
160560018,2016-02-25,38.46121774,-122.71653300000001
160560019,2016-02-25,38.43263618,-122.7260264
160560020,2016-02-25,38.45873641,-122.67438670000001
160560021,2016-02-25,38.43758856,-122.70864420000001
160560022,2016-02-25,38.46081666,-122.71832040000001
160560023,2016-02-25,38.44354527,-122.7229152
160560026,2016-02-25,38.45974038,-122.7429957
160560027,2016-02-25,38.44024639,-122.5825606
160560029,2016-02-25,38.40172352,-122.71088229999998
160560030,2016-02-25,38.427652,-122.745051
160560032,2016-02-25,38.44036347,-122.70283090000001
160560033,2016-02-25,38.46230051,-122.66904170000001
160560034,2016-02-25,38.43659068,-122.7376355
160560035,2016-02-25,38.44315547,-122.7081412
160560036,2016-02-25,38.46132246,-122.6679426
160560037,2016-02-25,38.44497343,-122.6730915
160560038,2016-02-25,38.45974195,-122.7464246
160560040,2016-02-25,38.44036347,-122.70283090000001
160560041,2016-02-25,38.423415000000006,-122.753052
160560042,2016-02-25,38.47455094,-122.7381111
160560043,2016-02-25,38.41193139,-122.70786070000001
160560044,2016-02-25,38.423415000000006,-122.753052
160560045,2016-02-25,38.4227921,-122.7206415
160560047,2016-02-25,38.44024639,-122.5825606
160560049,2016-02-25,38.43980197,-122.6853689
160560050,2016-02-25,38.43436204,-122.74808909999999
160560051,2016-02-25,38.42631489,-122.7483847
160560052,2016-02-25,38.46482899,-122.65142639999999
160560054,2016-02-25,38.41429399,-122.71748640000001
160560056,2016-02-25,38.4394771,-122.72221869999998
160560057,2016-02-25,38.46230051,-122.66904170000001
160560058,2016-02-25,38.44285521,-122.7017068
160560059,2016-02-25,38.42674234,-122.7430645
160560060,2016-02-25,38.43897984,-122.7107765
160560061,2016-02-25,38.45998229,-122.7403416
160560062,2016-02-25,38.46204646,-122.7256189
160560064,2016-02-25,38.469396,-122.7648366
160560065,2016-02-25,38.4492653,-122.70536070000001
160560066,2016-02-25,38.4642155,-122.7302291
160560068,2016-02-25,38.45716764,-122.7031087
160560070,2016-02-25,38.47512373,-122.74403329999998
160560071,2016-02-25,38.483645200000005,-122.66012659999998
160560072,2016-02-25,38.48017008,-122.7454794
160560073,2016-02-25,38.42235931,-122.76636370000001
160560074,2016-02-25,38.44522915,-122.71871850000001
160560076,2016-02-25,38.48955191,-122.660981
160560078,2016-02-25,38.47968961,-122.74867900000001
160560079,2016-02-25,38.42585217,-122.7024686
160560080,2016-02-25,38.40674665,-122.71640320000002
160560082,2016-02-25,38.4617073,-122.7055625
160560083,2016-02-25,38.41696725,-122.70663629999999
160560084,2016-02-25,38.44577885,-122.72255679999999
160560086,2016-02-25,38.48047472,-122.7561182
160560087,2016-02-25,38.46816721,-122.6510226
160560088,2016-02-25,38.448475,-122.732201
160560089,2016-02-25,38.43416699,-122.70928390000002
160560090,2016-02-25,38.47006676,-122.74534550000001
160560092,2016-02-25,38.44036347,-122.70283090000001
160560093,2016-02-25,38.44107108,-122.7002737
160560094,2016-02-25,38.41164352,-122.73429080000001
160560095,2016-02-25,38.46714529,-122.7562925
160560096,2016-02-25,38.44218988,-122.6079707
160560098,2016-02-25,38.44783472,-122.71599409999999
160560099,2016-02-25,38.45803531,-122.6729237
160560101,2016-02-25,38.43932824,-122.72045349999999
160560102,2016-02-25,38.44240412,-122.7688731
160560103,2016-02-25,38.43736939,-122.69085459999998
160560104,2016-02-25,38.4443471,-122.76785009999999
160560105,2016-02-25,38.47536781,-122.7323398
160560106,2016-02-25,38.44392348,-122.7187663
160560107,2016-02-25,38.42866101,-122.74153390000002
160560108,2016-02-25,38.46426095,-122.66929579999999
160560109,2016-02-25,38.41646107,-122.70881059999999
160560110,2016-02-25,38.44106649,-122.72008590000002
160560111,2016-02-25,38.45019872,-122.69254679999999
160560112,2016-02-25,38.465419,-122.726303
160560115,2016-02-25,38.46912427,-122.7326346
160560116,2016-02-25,38.43263618,-122.7260264
160560117,2016-02-25,38.44055488,-122.7689856
160560118,2016-02-25,38.44091148,-122.70085220000001
160560119,2016-02-25,38.46421777,-122.72841559999999
160560120,2016-02-25,38.46032734,-122.7213729
160560121,2016-02-25,38.44187929,-122.6740577
160560122,2016-02-25,38.45496854,-122.7173537
160560123,2016-02-25,38.448648,-122.75248219999999
160560124,2016-02-25,38.45430053,-122.6918648
160560125,2016-02-25,38.43436204,-122.74808909999999
160560126,2016-02-25,38.44963917,-122.74879320000001
160560127,2016-02-25,38.44036347,-122.70283090000001
160560128,2016-02-25,38.44331029999999,-122.72577369999999
160560129,2016-02-25,38.46286679999999,-122.65769440000001
160560130,2016-02-25,38.42030020000001,-122.71351090000002
160560131,2016-02-25,38.43587467,-122.71551409999998
160560132,2016-02-25,38.47347489,-122.65949779999998
160560134,2016-02-25,38.44951396,-122.7435967
160560135,2016-02-25,38.448475,-122.732201
160560136,2016-02-25,38.45760065,-122.7266173
160560137,2016-02-25,38.43516241,-122.68761950000001
160560138,2016-02-25,38.465419,-122.726303
160560139,2016-02-25,38.44827725,-122.7397233
160560140,2016-02-25,38.43879551,-122.7084638
160560141,2016-02-25,38.46101229,-122.71717120000001
160560142,2016-02-25,38.44106649,-122.72008590000002
160560143,2016-02-25,38.46720043,-122.72433079999999
160560144,2016-02-25,38.45993819,-122.7267705
160560145,2016-02-25,38.46790152,-122.74753259999999
160560148,2016-02-25,38.41646151,-122.71112859999998
160560149,2016-02-25,38.46483701,-122.74657009999999
160560150,2016-02-25,38.4331949,-122.7341129
160560151,2016-02-25,38.43742039,-122.7207013
160560152,2016-02-25,38.46311909,-122.7182737
160560154,2016-02-25,38.44072571,-122.71343290000002
160560155,2016-02-25,38.45760065,-122.7266173
160560156,2016-02-25,38.41906182,-122.70772959999998
160560158,2016-02-25,38.4379375,-122.7615328
160560159,2016-02-25,38.45136125,-122.73784170000002
160560160,2016-02-25,38.44036347,-122.70283090000001
160560161,2016-02-25,38.42131039,-122.70479099999999
160560163,2016-02-25,38.44166603,-122.6981038
160560165,2016-02-25,38.45956577,-122.7190646
160560166,2016-02-25,38.45554777,-122.67789259999999
160560167,2016-02-25,38.43796007,-122.7961848
160560168,2016-02-25,38.45884356,-122.7326085
160560169,2016-02-25,38.47929434,-122.6577925
160560170,2016-02-25,38.43971531,-122.71565840000001
160560173,2016-02-25,38.44160038,-122.66174029999999
160560174,2016-02-25,38.44850403,-122.7650592
160560175,2016-02-25,38.47722967,-122.701944
160560176,2016-02-25,38.44036347,-122.70283090000001
160560177,2016-02-25,38.45476696,-122.7173608
160560178,2016-02-25,38.45336896,-122.717404
160560179,2016-02-25,38.44036347,-122.70283090000001
160560180,2016-02-25,38.44046206,-122.7140115
160560181,2016-02-25,38.47455094,-122.7381111
160560182,2016-02-25,38.48017046,-122.7422017
160560183,2016-02-25,38.42622532,-122.6922199
160560186,2016-02-25,38.40923989,-122.74594640000001
160560187,2016-02-25,38.42030020000001,-122.71351090000002
160560190,2016-02-25,38.44036347,-122.70283090000001
160560191,2016-02-25,38.46765625,-122.75731
160560192,2016-02-25,38.44036347,-122.70283090000001
160560193,2016-02-25,38.44036347,-122.70283090000001
160560194,2016-02-25,38.42985492,-122.71425890000002
160560195,2016-02-25,38.4515494,-122.7174904
160560196,2016-02-25,38.43936852,-122.72656640000001
160560197,2016-02-25,38.46955422,-122.7606261
160560198,2016-02-25,38.45956577,-122.7190646
160560200,2016-02-25,38.43659068,-122.7376355
160560201,2016-02-25,38.4222799,-122.7185301
160560202,2016-02-25,38.43799433,-122.70998449999999
160560203,2016-02-25,38.42739284,-122.71183359999999
160560204,2016-02-25,38.41086363,-122.71949359999999
160560206,2016-02-25,38.46311909,-122.7182737
160560208,2016-02-25,38.45681756,-122.7449037
160560209,2016-02-25,38.41648268,-122.6984136
160560210,2016-02-25,38.45683688,-122.75211399999999
160560211,2016-02-25,38.442961499999996,-122.7225481
160560212,2016-02-25,38.41861552,-122.71351829999999
160560213,2016-02-25,38.45998808,-122.72469280000001
160560214,2016-02-25,38.45761166,-122.71725009999999
160560215,2016-02-25,38.45880608,-122.717197
160560216,2016-02-25,38.43033883,-122.7175395
160560217,2016-02-25,38.46101229,-122.71717120000001
160560218,2016-02-25,38.44546397,-122.71089909999999
160560220,2016-02-25,38.45546474,-122.7379425
160560221,2016-02-25,38.43903444,-122.71295049999999
160560222,2016-02-25,38.43723872,-122.70664579999999
160560223,2016-02-25,38.45974195,-122.7464246
160560224,2016-02-25,38.44036347,-122.70283090000001
160560225,2016-02-25,38.46421777,-122.72841559999999
160560226,2016-02-25,38.44502508,-122.69620630000001
160560227,2016-02-25,38.46204646,-122.7256189
160560228,2016-02-25,38.46840455,-122.70757859999999
160560230,2016-02-25,38.46970189,-122.663721
160560231,2016-02-25,38.45991177,-122.7284087
160560232,2016-02-25,38.47543764,-122.7261473
160560233,2016-02-25,38.40849671,-122.7378652
160560235,2016-02-25,38.4706443,-122.72981340000001
160560237,2016-02-25,38.43781984,-122.59401059999999
160560239,2016-02-25,38.47686128,-122.7381217
160560240,2016-02-25,38.43436204,-122.74808909999999
160560241,2016-02-25,38.44036347,-122.70283090000001
160560242,2016-02-25,38.46873386,-122.74485390000001
160560243,2016-02-25,38.44589407,-122.726646
160560244,2016-02-25,38.46552484,-122.6671232
160560245,2016-02-25,38.47970598,-122.7471494
160560246,2016-02-25,38.45760065,-122.7266173
160560247,2016-02-25,38.43494132,-122.66015159999998
160560248,2016-02-25,38.45884356,-122.7326085
160560249,2016-02-25,38.43980197,-122.6853689
160560250,2016-02-25,38.44204309,-122.71949609999999
160560251,2016-02-25,38.44023055,-122.7145525
160560252,2016-02-25,38.43056197,-122.69242009999999
160560253,2016-02-25,38.43525419,-122.6859145
160560254,2016-02-25,38.45991177,-122.7284087
160560255,2016-02-25,38.45057648,-122.7133419
160560256,2016-02-25,38.47686128,-122.7381217
160560257,2016-02-25,38.44036347,-122.70283090000001
160560258,2016-02-25,38.47496921,-122.6745622
160560259,2016-02-25,38.46503189999999,-122.7122649
160560260,2016-02-25,38.46201637,-122.71424209999998
160560261,2016-02-25,38.45651115,-122.7362721
160560262,2016-02-25,38.43454861,-122.69664309999999
160560263,2016-02-25,38.45045002,-122.75132109999998
160560264,2016-02-25,38.46275693,-122.74931380000001
160560265,2016-02-25,38.44539064,-122.7080878
160560266,2016-02-25,38.4222799,-122.7185301
160560268,2016-02-25,38.45880608,-122.717197
160560269,2016-02-25,38.43263618,-122.7260264
160560270,2016-02-25,38.44036347,-122.70283090000001
160560271,2016-02-25,38.46121774,-122.71653300000001
160560272,2016-02-25,38.43758666,-122.67766670000002
160560273,2016-02-25,38.42858737,-122.72693600000001
160560274,2016-02-25,38.44342133,-122.72461470000002
160560279,2016-02-25,38.42703197,-122.6655563
160560280,2016-02-25,38.45938071,-122.73149309999998
160560281,2016-02-25,38.43525419,-122.6859145
160560282,2016-02-25,38.44036347,-122.70283090000001
160560283,2016-02-25,38.45260372,-122.7336335
160560284,2016-02-25,38.42674234,-122.7430645
160560285,2016-02-25,38.44165364,-122.7306304
160560286,2016-02-25,38.42546158,-122.6692824
160560287,2016-02-25,38.47686128,-122.7381217
160560288,2016-02-25,38.42519709,-122.6657795
160560289,2016-02-25,38.4776917,-122.74271470000001
160560290,2016-02-25,38.45998808,-122.72469280000001
160560291,2016-02-25,38.413219700000006,-122.7135365
160560292,2016-02-25,38.44036347,-122.70283090000001
160560293,2016-02-25,38.42685471,-122.7413163
160560294,2016-02-25,38.44581039,-122.7304284
160560295,2016-02-25,38.47686128,-122.7381217
160560296,2016-02-25,38.45964222,-122.6695649
160560297,2016-02-25,38.44090173,-122.7301331
160560299,2016-02-25,38.45112279999999,-122.69179640000002
160560300,2016-02-25,38.46634998,-122.75461200000001
160560301,2016-02-25,38.4384119,-122.6968065
160560302,2016-02-25,38.45258756,-122.7513351
160560303,2016-02-25,38.46720043,-122.72433079999999
160560304,2016-02-25,38.42077055,-122.71735149999999
160560306,2016-02-25,38.44036347,-122.70283090000001
160560307,2016-02-25,38.44024639,-122.5825606
160560308,2016-02-25,38.48614335,-122.71096899999999
160560309,2016-02-25,38.42973908,-122.7500199
160560310,2016-02-25,38.44502788,-122.7211998
160560313,2016-02-25,38.47971264,-122.74219690000001
160560315,2016-02-25,38.43917341,-122.7287806
160560317,2016-02-25,38.45522552,-122.76549250000001
160560318,2016-02-25,38.4706443,-122.72981340000001
160560319,2016-02-25,38.45956577,-122.7190646
160560320,2016-02-25,38.44729904,-122.67760200000001
160560321,2016-02-25,38.44285521,-122.7017068
160560323,2016-02-25,38.42715301,-122.7138562
160560324,2016-02-25,38.45681756,-122.7449037
160560325,2016-02-25,38.42283683,-122.74076459999999
160560326,2016-02-25,38.44161484,-122.7289686
160560327,2016-02-25,38.44969758,-122.71457579999999
160560328,2016-02-25,38.43454861,-122.69664309999999
160560329,2016-02-25,38.44292593,-122.70452560000001
160560330,2016-02-25,38.42380643,-122.713507
160560331,2016-02-25,38.45496838,-122.6721729
160560333,2016-02-25,38.34838869,-122.71481940000001
160560334,2016-02-25,38.43657615,-122.72009369999999
160560335,2016-02-25,38.4414286,-122.71379180000001
160560336,2016-02-25,38.44036347,-122.70283090000001
160560337,2016-02-25,38.43903444,-122.71295049999999
160560338,2016-02-25,38.44173424,-122.68725659999998
160560339,2016-02-25,38.45061781,-122.7145354
160560340,2016-02-25,38.43971531,-122.71565840000001
160560341,2016-02-25,38.43379484,-122.74240049999999
160560342,2016-02-25,38.45258756,-122.7513351
160560343,2016-02-25,38.43971531,-122.71565840000001
160560344,2016-02-25,38.4452399,-122.75130279999999
160560345,2016-02-25,38.42568262,-122.7319736
160560346,2016-02-25,38.46311909,-122.7182737
160560347,2016-02-25,38.45018082,-122.717546
160560349,2016-02-25,38.44532601,-122.76962730000001
160560350,2016-02-25,38.43584774,-122.73349440000001
160560351,2016-02-25,38.45997829,-122.7406116
160560352,2016-02-25,38.45255091,-122.77187240000002
160560353,2016-02-25,38.455409499999995,-122.72817260000001
160560355,2016-02-25,38.42135934,-122.7147642
160560356,2016-02-25,38.46421777,-122.72841559999999
160560357,2016-02-25,38.4706443,-122.72981340000001
160560358,2016-02-25,38.45258756,-122.7513351
160560359,2016-02-25,38.47496921,-122.6745622
160560360,2016-02-25,38.44023055,-122.7145525
160560361,2016-02-25,38.42721652,-122.7132107
160560362,2016-02-25,38.40185186,-122.72326329999999
160560363,2016-02-25,38.44691519,-122.72659569999999
160560364,2016-02-25,38.46498999,-122.6559413
160560366,2016-02-25,38.45254856,-122.7696375
160560367,2016-02-25,38.44023055,-122.7145525
160560368,2016-02-25,38.44036347,-122.70283090000001
160560369,2016-02-25,38.45258756,-122.7513351
160560370,2016-02-25,38.43150375,-122.68053020000002
160560371,2016-02-25,38.43525419,-122.6859145
160560372,2016-02-25,38.455409499999995,-122.72817260000001
160560374,2016-02-25,38.47024813,-122.71729209999998
160560375,2016-02-25,38.41998491,-122.7661094
160560377,2016-02-25,38.43525419,-122.6859145
160560378,2016-02-25,38.43033883,-122.7175395
160560379,2016-02-25,38.45045002,-122.75132109999998
160560380,2016-02-25,38.45884356,-122.7326085
160560381,2016-02-25,38.45996937,-122.73166409999999
160560382,2016-02-25,38.4617073,-122.7055625
160560383,2016-02-25,38.46081666,-122.71832040000001
160560384,2016-02-25,38.44502788,-122.7211998
160560385,2016-02-25,38.45490761,-122.76636119999999
160560387,2016-02-25,38.43850516,-122.7243942
160560388,2016-02-25,38.45991177,-122.7284087
160560389,2016-02-25,38.42703197,-122.6655563
160560390,2016-02-25,38.46121774,-122.71653300000001
160560391,2016-02-25,38.413219700000006,-122.7135365
160560392,2016-02-25,38.4379375,-122.7615328
160560393,2016-02-25,38.45803531,-122.6729237
160560394,2016-02-25,38.45258756,-122.7513351
160560395,2016-02-25,38.40844715,-122.7134993
160560396,2016-02-25,38.47203079,-122.7325019
160570001,2016-02-26,38.41646107,-122.70881059999999
160570003,2016-02-26,38.41648379,-122.6977423
160570004,2016-02-26,38.4706443,-122.72981340000001
160570005,2016-02-26,38.43788221,-122.7257355
160570006,2016-02-26,38.43263618,-122.7260264
160570007,2016-02-26,38.46036604,-122.74523070000001
160570009,2016-02-26,38.44522915,-122.71871850000001
160570010,2016-02-26,38.41651065,-122.7058
160570011,2016-02-26,38.43876378,-122.7216926
160570012,2016-02-26,38.44036347,-122.70283090000001
160570013,2016-02-26,38.44285521,-122.7017068
160570014,2016-02-26,38.42674234,-122.7430645
160570015,2016-02-26,38.43657615,-122.72009369999999
160570017,2016-02-26,38.45730241,-122.6712994
160570018,2016-02-26,38.44306762,-122.7140585
160570019,2016-02-26,38.45154944,-122.66967520000001
160570020,2016-02-26,38.45101284,-122.6867938
160570021,2016-02-26,38.45730241,-122.6712994
160570022,2016-02-26,38.43281994,-122.7562006
160570023,2016-02-26,38.43972733,-122.66837120000001
160570024,2016-02-26,38.45406768,-122.7730892
160570025,2016-02-26,38.44307872,-122.66281709999998
160570026,2016-02-26,38.44036347,-122.70283090000001
160570027,2016-02-26,38.47929434,-122.6577925
160570028,2016-02-26,38.44379104,-122.6903314
160570030,2016-02-26,38.45803531,-122.6729237
160570033,2016-02-26,38.43535628,-122.7120801
160570035,2016-02-26,38.45216574,-122.7264607
160570036,2016-02-26,38.43876378,-122.7216926
160570037,2016-02-26,38.44076213,-122.7215076
160570038,2016-02-26,38.42196597,-122.73931
160570039,2016-02-26,38.4649157,-122.6533696
160570040,2016-02-26,38.46624599,-122.67559209999999
160570041,2016-02-26,38.47425723,-122.6480112
160570042,2016-02-26,38.43776285,-122.7142084
160570043,2016-02-26,38.44547587,-122.7383189
160570044,2016-02-26,38.42325793,-122.81068909999998
160570045,2016-02-26,38.41259774,-122.7380221
160570046,2016-02-26,38.4410738,-122.66139890000001
160570048,2016-02-26,38.44036347,-122.70283090000001
160570049,2016-02-26,38.43861178,-122.73466770000002
160570052,2016-02-26,38.43863641,-122.7335553
160570054,2016-02-26,38.45503168,-122.73984640000002
160570056,2016-02-26,38.43717277,-122.73323909999998
160570057,2016-02-26,38.42894733,-122.73236999999999
160570058,2016-02-26,38.43652835,-122.7284745
160570059,2016-02-26,38.44181503,-122.68520840000001
160570060,2016-02-26,38.45730241,-122.6712994
160570061,2016-02-26,38.43163277,-122.67374099999999
160570062,2016-02-26,38.47022938,-122.72642479999999
160570063,2016-02-26,38.46172539,-122.7696703
160570066,2016-02-26,38.42677371,-122.7178509
160570071,2016-02-26,38.43757522,-122.68170490000001
160570074,2016-02-26,38.45956577,-122.7190646
160570076,2016-02-26,38.45456355,-122.70809979999999
160570078,2016-02-26,38.45026498,-122.759826
160570079,2016-02-26,38.45977767,-122.75119640000001
160570081,2016-02-26,38.44114633,-122.71012549999999
160570083,2016-02-26,38.4640649,-122.737472
160570084,2016-02-26,38.44036347,-122.70283090000001
160570089,2016-02-26,38.41763017,-122.71351940000001
160570090,2016-02-26,38.46999814,-122.6624598
160570093,2016-02-26,38.45861228,-122.7105803
160570095,2016-02-26,38.48017008,-122.7454794
160570097,2016-02-26,38.44848820000001,-122.7361192
160570098,2016-02-26,38.4421805,-122.706061
160570099,2016-02-26,38.46919178,-122.72937320000001
160570101,2016-02-26,38.44036347,-122.70283090000001
160570103,2016-02-26,38.452966499999995,-122.731721
160570105,2016-02-26,38.42866101,-122.74153390000002
160570109,2016-02-26,38.43292376,-122.7225394
160570110,2016-02-26,38.46421777,-122.72841559999999
160570111,2016-02-26,38.44502788,-122.7211998
160570112,2016-02-26,38.44121202,-122.7123828
160570113,2016-02-26,38.45956577,-122.7190646
160570114,2016-02-26,38.43723872,-122.70664579999999
160570116,2016-02-26,38.45993819,-122.7267705
160570117,2016-02-26,38.46498999,-122.6559413
160570118,2016-02-26,38.45154944,-122.66967520000001
160570120,2016-02-26,38.44285521,-122.7017068
160570122,2016-02-26,38.44121202,-122.7123828
160570123,2016-02-26,38.43466258,-122.6748783
160570125,2016-02-26,38.42808306,-122.70916650000001
160570127,2016-02-26,38.46714931,-122.7627263
160570128,2016-02-26,38.445236799999996,-122.74604140000001
160570130,2016-02-26,38.47399546,-122.738114
160570132,2016-02-26,38.425103,-122.70460220000001
160570133,2016-02-26,38.41861552,-122.71351829999999
160570135,2016-02-26,38.45884356,-122.7326085
160570138,2016-02-26,38.45956577,-122.7190646
160570139,2016-02-26,38.430666200000005,-122.71064809999999
160570140,2016-02-26,38.47970235,-122.73446640000002
160570141,2016-02-26,38.45527736,-122.7645223
160570143,2016-02-26,38.47971181,-122.73813090000002
160570145,2016-02-26,38.44581039,-122.7304284
160570146,2016-02-26,38.43024644,-122.7269034
160570148,2016-02-26,38.42153429,-122.66453600000001
160570149,2016-02-26,38.44020625,-122.7227462
160570151,2016-02-26,38.43179336,-122.6683081
160570152,2016-02-26,38.46590055,-122.73888570000001
160570153,2016-02-26,38.44546397,-122.71089909999999
160570154,2016-02-26,38.45938071,-122.73149309999998
160570157,2016-02-26,38.44701863,-122.6863759
160570158,2016-02-26,38.46421777,-122.72841559999999
160570160,2016-02-26,38.44797429,-122.72032709999999
160570161,2016-02-26,38.42703197,-122.6655563
160570162,2016-02-26,38.45496838,-122.6721729
160570163,2016-02-26,38.41030288,-122.7094955
160570164,2016-02-26,38.41030288,-122.7094955
160570165,2016-02-26,38.436027,-122.721355
160570166,2016-02-26,38.47351678,-122.75316409999998
160570168,2016-02-26,38.42113072,-122.695672
160570169,2016-02-26,38.4394771,-122.72221869999998
160570170,2016-02-26,38.43853683,-122.68543740000001
160570171,2016-02-26,38.40371518,-122.72749820000001
160570172,2016-02-26,38.41986673,-122.72061799999999
160570173,2016-02-26,38.45991177,-122.7284087
160570174,2016-02-26,38.43903444,-122.71295049999999
160570176,2016-02-26,38.42760143,-122.7691831
160570178,2016-02-26,38.45880608,-122.717197
160570179,2016-02-26,38.43750841,-122.72865700000001
160570181,2016-02-26,38.45866592,-122.6837874
160570182,2016-02-26,38.45258756,-122.7513351
160570183,2016-02-26,38.45991177,-122.7284087
160570184,2016-02-26,38.43631819,-122.7561848
160570185,2016-02-26,38.45991177,-122.7284087
160570186,2016-02-26,38.45683688,-122.75211399999999
160570187,2016-02-26,38.44121202,-122.7123828
160570188,2016-02-26,38.43143133,-122.71127560000001
160570190,2016-02-26,38.45522552,-122.76549250000001
160570191,2016-02-26,38.4403822,-122.72450740000001
160570192,2016-02-26,38.44036347,-122.70283090000001
160570194,2016-02-26,38.46153765,-122.70994640000002
160570195,2016-02-26,38.43971531,-122.71565840000001
160570196,2016-02-26,38.4617073,-122.7055625
160570197,2016-02-26,38.42677371,-122.7178509
160570198,2016-02-26,38.47971079,-122.7352915
160570199,2016-02-26,38.47898095,-122.7681544
160570201,2016-02-26,38.46101229,-122.71717120000001
160570203,2016-02-26,38.44025773,-122.66958190000001
160570204,2016-02-26,38.4706443,-122.72981340000001
160570205,2016-02-26,38.40849671,-122.7378652
160570207,2016-02-26,38.45758929,-122.7178531
160570208,2016-02-26,38.42685471,-122.7413163
160570209,2016-02-26,38.44114633,-122.71012549999999
160570212,2016-02-26,38.42762049,-122.7103777
160570214,2016-02-26,38.432156,-122.73776200000002
160570215,2016-02-26,38.40654083,-122.71198590000002
160570216,2016-02-26,38.45112279999999,-122.69179640000002
160570217,2016-02-26,38.44942048,-122.7223808
160570218,2016-02-26,38.44121202,-122.7123828
160570219,2016-02-26,38.47864578,-122.6606987
160570220,2016-02-26,38.44036347,-122.70283090000001
160570221,2016-02-26,38.42315637,-122.74391899999999
160570223,2016-02-26,38.45974038,-122.7429957
160570225,2016-02-26,38.42866101,-122.74153390000002
160570226,2016-02-26,38.42677371,-122.7178509
160570227,2016-02-26,38.45258756,-122.7513351
160570230,2016-02-26,38.4535019,-122.6849247
160570231,2016-02-26,38.42426474,-122.7135061
160570232,2016-02-26,38.45998808,-122.73563130000001
160570233,2016-02-26,38.45956577,-122.7190646
160570235,2016-02-26,38.46590055,-122.73888570000001
160570237,2016-02-26,38.44304092,-122.7105672
160570238,2016-02-26,38.45415504,-122.6983438
160570239,2016-02-26,38.43770367,-122.5848683
160570240,2016-02-26,38.43992913,-122.7193773
160570241,2016-02-26,38.4414286,-122.71379180000001
160570242,2016-02-26,38.45496838,-122.6721729
160570244,2016-02-26,38.44563699,-122.7342003
160570245,2016-02-26,38.44884277,-122.71759890000001
160570247,2016-02-26,38.44192824,-122.6930009
160570248,2016-02-26,38.44323563,-122.74667679999999
160570252,2016-02-26,38.44285521,-122.7017068
160570253,2016-02-26,38.44090173,-122.7301331
160570254,2016-02-26,38.46426095,-122.66929579999999
160570255,2016-02-26,38.45735888,-122.71725579999999
160570256,2016-02-26,38.45597786,-122.73711570000002
160570257,2016-02-26,38.43059702,-122.7253189
160570258,2016-02-26,38.45873641,-122.67438670000001
160570261,2016-02-26,38.41164352,-122.73429080000001
160570262,2016-02-26,38.43143133,-122.71127560000001
160570265,2016-02-26,38.43665196,-122.71227809999999
160570268,2016-02-26,38.43541921,-122.7277581
160570269,2016-02-26,38.45956577,-122.7190646
160570270,2016-02-26,38.4453395,-122.7417051
160570271,2016-02-26,38.44072571,-122.71343290000002
160570272,2016-02-26,38.42426474,-122.7135061
160570273,2016-02-26,38.41030288,-122.7094955
160570274,2016-02-26,38.45120446,-122.7430638
160570275,2016-02-26,38.43263618,-122.7260264
160570276,2016-02-26,38.45329286,-122.71442990000001
160570277,2016-02-26,38.45332356,-122.71574790000001
160570278,2016-02-26,38.46311909,-122.7182737
160570279,2016-02-26,38.43033883,-122.7175395
160570280,2016-02-26,38.42685471,-122.7413163
160570281,2016-02-26,38.45332356,-122.71574790000001
160570282,2016-02-26,38.47532697,-122.652274
160570283,2016-02-26,38.46552484,-122.6671232
160570285,2016-02-26,38.47971079,-122.7352915
160570286,2016-02-26,38.45974038,-122.7429957
160570287,2016-02-26,38.44356872,-122.70722140000001
160570288,2016-02-26,38.44285521,-122.7017068
160570291,2016-02-26,38.45991177,-122.7284087
160570292,2016-02-26,38.45638015,-122.71052320000001
160570294,2016-02-26,38.42380643,-122.713507
160570295,2016-02-26,38.45250293,-122.695923
160570297,2016-02-26,38.44079665,-122.70127109999999
160570298,2016-02-26,38.42495205,-122.76666759999999
160570299,2016-02-26,38.44273417,-122.7178827
160570301,2016-02-26,38.45870787,-122.7383884
160570304,2016-02-26,38.43657466,-122.7380811
160570305,2016-02-26,38.41763017,-122.71351940000001
160570306,2016-02-26,38.47083037,-122.73245770000001
160570307,2016-02-26,38.4280234,-122.7250038
160570308,2016-02-26,38.45382685,-122.7038288
160570309,2016-02-26,38.44038228,-122.7161508
160570310,2016-02-26,38.43372932,-122.7286318
160570311,2016-02-26,38.4191779,-122.6641865
160570312,2016-02-26,38.47971079,-122.7352915
160570313,2016-02-26,38.42426474,-122.7135061
160570315,2016-02-26,38.47297747,-122.72614070000002
160570316,2016-02-26,38.43143133,-122.71127560000001
160570317,2016-02-26,38.44174658,-122.6747223
160570318,2016-02-26,38.49805368,-122.7232929
160570319,2016-02-26,38.42479011,-122.7688835
160570320,2016-02-26,38.43291389,-122.6798598
160570321,2016-02-26,38.42330782,-122.72818810000001
160570322,2016-02-26,38.47148370000001,-122.73962809999999
160570323,2016-02-26,38.44038228,-122.7161508
160570325,2016-02-26,38.43665196,-122.71227809999999
160570326,2016-02-26,38.43535827,-122.5866817
160570327,2016-02-26,38.43876378,-122.7216926
160570330,2016-02-26,38.42570696,-122.72477040000001
160570331,2016-02-26,38.46738479,-122.74249879999999
160570334,2016-02-26,38.43903444,-122.71295049999999
160570335,2016-02-26,38.45460884,-122.7566801
160570337,2016-02-26,38.46624599,-122.67559209999999
160570338,2016-02-26,38.47148370000001,-122.73962809999999
160570339,2016-02-26,38.46498999,-122.6559413
160570341,2016-02-26,38.44036347,-122.70283090000001
160570344,2016-02-26,38.45777972,-122.70800449999999
160570345,2016-02-26,38.44036347,-122.70283090000001
160570347,2016-02-26,38.40351116,-122.76878070000001
160570348,2016-02-26,38.44036347,-122.70283090000001
160570349,2016-02-26,38.42266675,-122.71351979999999
160570350,2016-02-26,38.452551,-122.76833570000001
160570351,2016-02-26,38.46929083,-122.74931059999999
160570352,2016-02-26,38.43799433,-122.70998449999999
160570353,2016-02-26,38.47512373,-122.74403329999998
160570354,2016-02-26,38.46912427,-122.7326346
160570356,2016-02-26,38.40971025,-122.7134884
160570357,2016-02-26,38.434241,-122.71183899999998
160570359,2016-02-26,38.445991799999994,-122.7096136
160570360,2016-02-26,38.45045002,-122.75132109999998
160570361,2016-02-26,38.41151265,-122.713498
160570362,2016-02-26,38.46135736,-122.7090979
160570363,2016-02-26,38.47927431,-122.6696398
160570364,2016-02-26,38.45760065,-122.7266173
160570365,2016-02-26,38.44521652,-122.74903090000001
160570367,2016-02-26,38.43370644,-122.6872527
160570368,2016-02-26,38.413219700000006,-122.7135365
160570369,2016-02-26,38.44039704,-122.7117999
160570371,2016-02-26,38.42662926,-122.70681909999999
160570372,2016-02-26,38.42885619,-122.5891476
160570373,2016-02-26,38.44036347,-122.70283090000001
160570376,2016-02-26,38.44285521,-122.7017068
160570377,2016-02-26,38.452966499999995,-122.731721
160570378,2016-02-26,38.47117919,-122.6793812
160570379,2016-02-26,38.46148867,-122.67626429999999
160570380,2016-02-26,38.453232899999996,-122.71198759999999
160570381,2016-02-26,38.46713873,-122.75460690000001
160570382,2016-02-26,38.44036347,-122.70283090000001
160570383,2016-02-26,38.46296651,-122.7164774
160570384,2016-02-26,38.40971025,-122.7134884
160570385,2016-02-26,38.44449858,-122.710939
160570387,2016-02-26,38.42380643,-122.713507
160570388,2016-02-26,38.42473645,-122.7087034
160570390,2016-02-26,38.43372932,-122.7286318
160570391,2016-02-26,38.45406102,-122.7340969
160570392,2016-02-26,38.43965855,-122.71341480000001
160570393,2016-02-26,38.44978962,-122.752269
160570394,2016-02-26,38.44140591,-122.74122890000001
160570395,2016-02-26,38.43665196,-122.71227809999999
160570396,2016-02-26,38.44204309,-122.71949609999999
160570397,2016-02-26,38.478458,-122.728406
160570398,2016-02-26,38.43516241,-122.68761950000001
160570400,2016-02-26,38.478458,-122.728406
160570401,2016-02-26,38.45025402,-122.72648290000001
160570402,2016-02-26,38.45336896,-122.717404
160570403,2016-02-26,38.43840614,-122.7225159
160570404,2016-02-26,38.41651065,-122.7058
160570405,2016-02-26,38.42519709,-122.6657795
160570406,2016-02-26,38.44810675,-122.72450559999999
160570407,2016-02-26,38.40971025,-122.7134884
160570408,2016-02-26,38.404762,-122.72864750000001
160570410,2016-02-26,38.44592197,-122.7283248
160570411,2016-02-26,38.42685471,-122.7413163
160570412,2016-02-26,38.44449858,-122.710939
160570413,2016-02-26,38.4493225,-122.76964679999999
160570414,2016-02-26,38.44972,-122.68848009999999
160570415,2016-02-26,38.45991177,-122.7284087
160570416,2016-02-26,38.41565116,-122.75395970000001
160570418,2016-02-26,38.47927431,-122.6696398
160570419,2016-02-26,38.443266799999996,-122.6922466
160570420,2016-02-26,38.45577955,-122.70801940000001
160570421,2016-02-26,38.47471494,-122.7286683
160570422,2016-02-26,38.43805776,-122.7211803
160580001,2016-02-27,38.46101047,-122.71060890000001
160580002,2016-02-27,38.44865669,-122.75777099999999
160580004,2016-02-27,38.44962054,-122.7513244
160580006,2016-02-27,38.48374729,-122.71226850000001
160580007,2016-02-27,38.40186649,-122.71348429999999
160580008,2016-02-27,38.4453395,-122.7417051
160580009,2016-02-27,38.43584774,-122.73349440000001
160580010,2016-02-27,38.43535031,-122.76944009999998
160580012,2016-02-27,38.46081666,-122.71832040000001
160580013,2016-02-27,38.43967242,-122.6650192
160580014,2016-02-27,38.46508060000001,-122.6467852
160580016,2016-02-27,38.45991177,-122.7284087
160580018,2016-02-27,38.444698200000005,-122.7577131
160580019,2016-02-27,38.44046206,-122.7140115
160580020,2016-02-27,38.47296182,-122.75114440000002
160580021,2016-02-27,38.43769345,-122.71779679999999
160580023,2016-02-27,38.47159071,-122.7499032
160580024,2016-02-27,38.44110424,-122.72559979999998
160580027,2016-02-27,38.49001546,-122.7228321
160580028,2016-02-27,38.44522915,-122.71871850000001
160580029,2016-02-27,38.47296182,-122.75114440000002
160580030,2016-02-27,38.45863202,-122.6693578
160580031,2016-02-27,38.44106649,-122.72008590000002
160580032,2016-02-27,38.43701961,-122.7158571
160580033,2016-02-27,38.42685471,-122.7413163
160580035,2016-02-27,38.44197802,-122.71732620000002
160580037,2016-02-27,38.44705308,-122.72893190000002
160580038,2016-02-27,38.45803531,-122.6729237
160580039,2016-02-27,38.4452399,-122.75130279999999
160580040,2016-02-27,38.4333222,-122.7138068
160580041,2016-02-27,38.44038228,-122.7161508
160580042,2016-02-27,38.45259224,-122.74625209999999
160580043,2016-02-27,38.448201399999995,-122.70268100000001
160580044,2016-02-27,38.45546474,-122.7379425
160580045,2016-02-27,38.44972,-122.68848009999999
160580046,2016-02-27,38.45991177,-122.7284087
160580048,2016-02-27,38.45112279999999,-122.69179640000002
160580049,2016-02-27,38.42135934,-122.7147642
160580050,2016-02-27,38.46421777,-122.72841559999999
160580051,2016-02-27,38.4706443,-122.72981340000001
160580052,2016-02-27,38.45998531,-122.7350344
160580053,2016-02-27,38.46713873,-122.75460690000001
160580054,2016-02-27,38.44214069,-122.7152604
160580055,2016-02-27,38.45154944,-122.66967520000001
160580056,2016-02-27,38.44013969,-122.72706670000001
160580057,2016-02-27,38.44356872,-122.70722140000001
160580058,2016-02-27,38.44354527,-122.7229152
160580059,2016-02-27,38.43490729,-122.75624109999998
160580060,2016-02-27,38.47598208,-122.73298249999999
160580061,2016-02-27,38.45977767,-122.75119640000001
160580062,2016-02-27,38.43965306,-122.70543
160580063,2016-02-27,38.42030020000001,-122.71351090000002
160580064,2016-02-27,38.43971531,-122.71565840000001
160580065,2016-02-27,38.46421777,-122.72841559999999
160580066,2016-02-27,38.42750512,-122.7286485
160580067,2016-02-27,38.46101229,-122.71717120000001
160580068,2016-02-27,38.45991177,-122.7284087
160580070,2016-02-27,38.41646151,-122.71112859999998
160580071,2016-02-27,38.42750512,-122.7286485
160580072,2016-02-27,38.46624529,-122.73264820000001
160580073,2016-02-27,38.47686128,-122.7381217
160580074,2016-02-27,38.45974195,-122.7464246
160580075,2016-02-27,38.47074837,-122.7623508
160580076,2016-02-27,38.44036347,-122.70283090000001
160580077,2016-02-27,38.45991177,-122.7284087
160580078,2016-02-27,38.46644047,-122.73723170000001
160580079,2016-02-27,38.43294769,-122.7445656
160580080,2016-02-27,38.44285521,-122.7017068
160580081,2016-02-27,38.45496838,-122.6721729
160580082,2016-02-27,38.47200718,-122.7381105
160580083,2016-02-27,38.43312868,-122.70439609999998
160580084,2016-02-27,38.47399546,-122.738114
160580086,2016-02-27,38.44285521,-122.7017068
160580087,2016-02-27,38.41328316,-122.70426670000002
160580088,2016-02-27,38.47686128,-122.7381217
160580089,2016-02-27,38.46720043,-122.72433079999999
160580090,2016-02-27,38.44121202,-122.7123828
160580091,2016-02-27,38.42135934,-122.7147642
160580092,2016-02-27,38.40172352,-122.71088229999998
160580093,2016-02-27,38.43164326,-122.7053655
160580094,2016-02-27,38.461475,-122.671375
160580095,2016-02-27,38.45406768,-122.7730892
160580098,2016-02-27,38.4706443,-122.72981340000001
160580102,2016-02-27,38.43059702,-122.7253189
160580103,2016-02-27,38.40499325,-122.7235354
160580105,2016-02-27,38.43998499,-122.7041983
160580106,2016-02-27,38.44167409,-122.73524099999999
160580107,2016-02-27,38.45402786,-122.7264021
160580108,2016-02-27,38.45154549,-122.67155420000002
160580109,2016-02-27,38.44572374,-122.72041010000001
160580110,2016-02-27,38.43723101,-122.5994233
160580113,2016-02-27,38.42325793,-122.81068909999998
160580115,2016-02-27,38.43286531,-122.68910249999999
160580116,2016-02-27,38.44039704,-122.7117999
160580117,2016-02-27,38.43343219,-122.72632890000001
160580118,2016-02-27,38.45576138,-122.7264186
160580119,2016-02-27,38.39590318,-122.819617
160580121,2016-02-27,38.45576138,-122.7264186
160580122,2016-02-27,38.43903444,-122.71295049999999
160580123,2016-02-27,38.43634092,-122.6964894
160580124,2016-02-27,38.43742039,-122.7207013
160580125,2016-02-27,38.46421777,-122.72841559999999
160580126,2016-02-27,38.44036347,-122.70283090000001
160580127,2016-02-27,38.433808,-122.59485500000001
160580128,2016-02-27,38.45462508,-122.71193259999998
160580129,2016-02-27,38.45884356,-122.7326085
160580130,2016-02-27,38.4339454,-122.69939879999998
160580131,2016-02-27,38.44540732,-122.7394594
160580134,2016-02-27,38.44389693,-122.708675
160580135,2016-02-27,38.45991177,-122.7284087
160580137,2016-02-27,38.43164326,-122.7053655
160580138,2016-02-27,38.44110696,-122.71449820000001
160580139,2016-02-27,38.440041799999996,-122.7209865
160580140,2016-02-27,38.461786,-122.630195
160580141,2016-02-27,38.44563699,-122.7342003
160580142,2016-02-27,38.43291389,-122.6798598
160580143,2016-02-27,38.44592197,-122.7283248
160580144,2016-02-27,38.47686128,-122.7381217
160580145,2016-02-27,38.4706443,-122.72981340000001
160580146,2016-02-27,38.44563699,-122.7342003
160580147,2016-02-27,38.41137304,-122.7352834
160580148,2016-02-27,38.425103,-122.70460220000001
160580149,2016-02-27,38.43665196,-122.71227809999999
160580150,2016-02-27,38.43657615,-122.72009369999999
160580151,2016-02-27,38.44184295,-122.7128656
160580152,2016-02-27,38.46499934,-122.73263840000001
160580153,2016-02-27,38.43758856,-122.70864420000001
160580154,2016-02-27,38.46912427,-122.7326346
160580155,2016-02-27,38.47532697,-122.652274
160580156,2016-02-27,38.40759731,-122.7341951
160580159,2016-02-27,38.440041799999996,-122.7209865
160580160,2016-02-27,38.41429399,-122.71748640000001
160580161,2016-02-27,38.42555317,-122.7033124
160580162,2016-02-27,38.44121202,-122.7123828
160580163,2016-02-27,38.45884356,-122.7326085
160580164,2016-02-27,38.45998363,-122.7346763
160580165,2016-02-27,38.45818345,-122.63423689999999
160580166,2016-02-27,38.46311909,-122.7182737
160580167,2016-02-27,38.41328316,-122.70426670000002
160580168,2016-02-27,38.41133518,-122.70992779999999
160580169,2016-02-27,38.45460884,-122.7566801
160580170,2016-02-27,38.43903444,-122.71295049999999
160580171,2016-02-27,38.45154944,-122.66967520000001
160580172,2016-02-27,38.4617073,-122.7055625
160580173,2016-02-27,38.47686128,-122.7381217
160580175,2016-02-27,38.47835364,-122.6557178
160580176,2016-02-27,38.41811952,-122.74019720000001
160580178,2016-02-27,38.44165364,-122.7306304
160580179,2016-02-27,38.47067935,-122.7136003
160580180,2016-02-27,38.44943332,-122.73322350000001
160580181,2016-02-27,38.44036347,-122.70283090000001
160580182,2016-02-27,38.46914834,-122.7260634
160580183,2016-02-27,38.42473645,-122.7087034
160580185,2016-02-27,38.44038228,-122.7161508
160580186,2016-02-27,38.43967701,-122.7090619
160580187,2016-02-27,38.44053199,-122.70968880000001
160580188,2016-02-27,38.40537639,-122.71188290000002
160580189,2016-02-27,38.42426474,-122.7135061
160580190,2016-02-27,38.44351505,-122.7037485
160580191,2016-02-27,38.43535086,-122.74881459999999
160580192,2016-02-27,38.46923636,-122.72199540000001
160580193,2016-02-27,38.44256856,-122.69479790000001
160580194,2016-02-27,38.43033883,-122.7175395
160580196,2016-02-27,38.4440092,-122.60896629999999
160580197,2016-02-27,38.46602493,-122.6987232
160580199,2016-02-27,38.41333341,-122.7171869
160580200,2016-02-27,38.44564739,-122.7177125
160580201,2016-02-27,38.42585217,-122.7024686
160580202,2016-02-27,38.44036347,-122.70283090000001
160580203,2016-02-27,38.41333341,-122.7171869
160580205,2016-02-27,38.44036347,-122.70283090000001
160580206,2016-02-27,38.45255117,-122.76824450000001
160580209,2016-02-27,38.46421777,-122.72841559999999
160580210,2016-02-27,38.43617017,-122.77262520000001
160580211,2016-02-27,38.48100024,-122.7048521
160580212,2016-02-27,38.4489144,-122.66786840000002
160580213,2016-02-27,38.44036347,-122.70283090000001
160580215,2016-02-27,38.44036347,-122.70283090000001
160580216,2016-02-27,38.45214413,-122.7352503
160580217,2016-02-27,38.43864557,-122.6741269
160580218,2016-02-27,38.42564462,-122.7000817
160580219,2016-02-27,38.43014208,-122.7583207
160580220,2016-02-27,38.44540732,-122.7394594
160580221,2016-02-27,38.452966499999995,-122.731721
160580222,2016-02-27,38.42757228,-122.7073644
160580223,2016-02-27,38.45884356,-122.7326085
160580224,2016-02-27,38.41902829,-122.70436059999999
160580225,2016-02-27,38.45890952,-122.7411669
160580226,2016-02-27,38.42665386,-122.76372279999998
160580227,2016-02-27,38.471044,-122.66767
160580228,2016-02-27,38.42947474,-122.70846929999999
160580229,2016-02-27,38.46912427,-122.7326346
160580232,2016-02-27,38.40674151,-122.72020479999999
160580234,2016-02-27,38.45737181,-122.74114840000001
160580235,2016-02-27,38.44729904,-122.67760200000001
160580236,2016-02-27,38.43665196,-122.71227809999999
160580237,2016-02-27,38.44036347,-122.70283090000001
160580238,2016-02-27,38.4706443,-122.72981340000001
160580240,2016-02-27,38.44299821,-122.67857250000002
160580241,2016-02-27,38.49805368,-122.7232929
160580242,2016-02-27,38.42674234,-122.7430645
160580243,2016-02-27,38.48012349,-122.717688
160580244,2016-02-27,38.46421777,-122.72841559999999
160580245,2016-02-27,38.44036347,-122.70283090000001
160580246,2016-02-27,38.46709833,-122.7512155
160580249,2016-02-27,38.43379484,-122.74240049999999
160580250,2016-02-27,38.47766386,-122.6830144
160580251,2016-02-27,38.48232703,-122.71457209999998
160580252,2016-02-27,38.46101229,-122.71717120000001
160580253,2016-02-27,38.44023055,-122.7145525
160580255,2016-02-27,38.42441393,-122.7066315
160580256,2016-02-27,38.42645122,-122.697574
160580257,2016-02-27,38.47496921,-122.6745622
160580258,2016-02-27,38.43164326,-122.7053655
160580259,2016-02-27,38.46499934,-122.73263840000001
160580262,2016-02-27,38.4452399,-122.75130279999999
160580263,2016-02-27,38.43370644,-122.6872527
160580265,2016-02-27,38.43612921,-122.74434109999999
160580266,2016-02-27,38.426798600000005,-122.73519809999999
160580267,2016-02-27,38.47496921,-122.6745622
160580269,2016-02-27,38.4267074,-122.7186929
160580270,2016-02-27,38.46148867,-122.67626429999999
160580273,2016-02-27,38.46873386,-122.74485390000001
160580274,2016-02-27,38.42570696,-122.72477040000001
160580275,2016-02-27,38.47971181,-122.73813090000002
160580276,2016-02-27,38.42058919,-122.759425
160580277,2016-02-27,38.4356817,-122.7095953
160580278,2016-02-27,38.47452626,-122.747033
160580279,2016-02-27,38.42866101,-122.74153390000002
160580280,2016-02-27,38.40285384,-122.71347800000001
160580281,2016-02-27,38.44554349,-122.71352350000001
160580283,2016-02-27,38.47176872,-122.67766280000001
160580284,2016-02-27,38.438441299999994,-122.6531105
160580285,2016-02-27,38.45975047,-122.7453493
160580286,2016-02-27,38.43086206,-122.7199246
160580287,2016-02-27,38.46505778,-122.71938200000001
160580288,2016-02-27,38.42866101,-122.74153390000002
160580290,2016-02-27,38.440376799999996,-122.744635
160580291,2016-02-27,38.45974038,-122.7429957
160580292,2016-02-27,38.41646107,-122.70881059999999
160580294,2016-02-27,38.45974038,-122.7429957
160580296,2016-02-27,38.43086206,-122.7199246
160580297,2016-02-27,38.44409332,-122.7340646
160580298,2016-02-27,38.45045002,-122.75132109999998
160580299,2016-02-27,38.45309988,-122.69251829999999
160580300,2016-02-27,38.45187699,-122.71207959999998
160580301,2016-02-27,38.49805368,-122.7232929
160580302,2016-02-27,38.4458612,-122.68794270000001
160580303,2016-02-27,38.41433572,-122.7234498
160580304,2016-02-27,38.42685471,-122.7413163
160580305,2016-02-27,38.4487098,-122.71340740000001
160580306,2016-02-27,38.40183589,-122.7198058
160580308,2016-02-27,38.43757522,-122.68170490000001
160580309,2016-02-27,38.45996937,-122.73166409999999
160580310,2016-02-27,38.44521652,-122.74903090000001
160580312,2016-02-27,38.46954965,-122.7596794
160580314,2016-02-27,38.4101323,-122.73524209999998
160580315,2016-02-27,38.49805368,-122.7232929
160580316,2016-02-27,38.45998808,-122.72469280000001
160580319,2016-02-27,38.42721652,-122.7132107
160580320,2016-02-27,38.43460978,-122.71191840000002
160580321,2016-02-27,38.46476176,-122.6780805
160580324,2016-02-27,38.45437446,-122.7321686
160580325,2016-02-27,38.45437446,-122.7321686
160580326,2016-02-27,38.45998549,-122.7302449
160580327,2016-02-27,38.438441299999994,-122.6531105
160580328,2016-02-27,38.43776289,-122.6873821
160580329,2016-02-27,38.44577885,-122.72255679999999
160580330,2016-02-27,38.43584774,-122.73349440000001
160580331,2016-02-27,38.4403822,-122.72450740000001
160580332,2016-02-27,38.47173676,-122.72091370000001
160580333,2016-02-27,38.42751803,-122.7463989
160580334,2016-02-27,38.44273969,-122.71568059999998
160580335,2016-02-27,38.43483618,-122.69896229999999
160580336,2016-02-27,38.44828472,-122.69045619999999
160580337,2016-02-27,38.44705308,-122.72893190000002
160580338,2016-02-27,38.44848820000001,-122.7361192
160580340,2016-02-27,38.41763017,-122.71351940000001
160580342,2016-02-27,38.4421805,-122.706061
160580343,2016-02-27,38.47452626,-122.747033
160580344,2016-02-27,38.47803056,-122.7566627
160580345,2016-02-27,38.42685471,-122.7413163
160580346,2016-02-27,38.46233298,-122.7417378
160580347,2016-02-27,38.43469225,-122.7029966
160590021,2016-02-28,38.43118849,-122.72284590000001
160580348,2016-02-27,38.48345204,-122.6912483
160580349,2016-02-27,38.46514621,-122.665481
160580350,2016-02-27,38.4507052,-122.7175146
160580351,2016-02-27,38.45476696,-122.7173608
160580352,2016-02-27,38.45258756,-122.7513351
160580353,2016-02-27,38.42706919,-122.7055725
160580355,2016-02-27,38.4410492,-122.74599740000002
160580356,2016-02-27,38.4331949,-122.7341129
160580357,2016-02-27,38.46201637,-122.71424209999998
160580359,2016-02-27,38.44865669,-122.75777099999999
160580360,2016-02-27,38.43776289,-122.6873821
160580361,2016-02-27,38.45258756,-122.7513351
160590001,2016-02-28,38.418366,-122.694837
160590002,2016-02-28,38.47550876,-122.7186854
160590003,2016-02-28,38.41821208,-122.69873799999999
160590004,2016-02-28,38.4410492,-122.74599740000002
160590005,2016-02-28,38.47443927,-122.71720479999999
160590006,2016-02-28,38.49571186,-122.72011
160590007,2016-02-28,38.44023055,-122.7145525
160590008,2016-02-28,38.44023055,-122.7145525
160590009,2016-02-28,38.45997246,-122.72571909999999
160590010,2016-02-28,38.44603838,-122.7108768
160590011,2016-02-28,38.46421777,-122.72841559999999
160590012,2016-02-28,38.412440600000004,-122.71658559999999
160590013,2016-02-28,38.45974038,-122.7429957
160590014,2016-02-28,38.4414286,-122.71379180000001
160590017,2016-02-28,38.43849846,-122.71840470000001
160590018,2016-02-28,38.44023055,-122.7145525
160590019,2016-02-28,38.44474263,-122.70504150000001
160590022,2016-02-28,38.44845257,-122.69942859999999
160590023,2016-02-28,38.43587144,-122.66981770000001
160590024,2016-02-28,38.44285521,-122.7017068
160590025,2016-02-28,38.413219700000006,-122.7135365
160590026,2016-02-28,38.430666200000005,-122.71064809999999
160590028,2016-02-28,38.46916414,-122.72436090000002
160590029,2016-02-28,38.44273969,-122.71568059999998
160590030,2016-02-28,38.42685471,-122.7413163
160590031,2016-02-28,38.46311909,-122.7182737
160590032,2016-02-28,38.43059702,-122.7253189
160590033,2016-02-28,38.45997246,-122.72571909999999
160590035,2016-02-28,38.44038228,-122.7161508
160590036,2016-02-28,38.43379484,-122.74240049999999
160590038,2016-02-28,38.41116029999999,-122.7591804
160590039,2016-02-28,38.44285521,-122.7017068
160590040,2016-02-28,38.44156723,-122.7272794
160590041,2016-02-28,38.43370644,-122.6872527
160590042,2016-02-28,38.46505778,-122.71938200000001
160590043,2016-02-28,38.47971079,-122.7352915
160590044,2016-02-28,38.44285521,-122.7017068
160590045,2016-02-28,38.45062192,-122.7080525
160590047,2016-02-28,38.44972,-122.68848009999999
160590048,2016-02-28,38.45029799,-122.68860159999998
160590049,2016-02-28,38.43490729,-122.75624109999998
160590050,2016-02-28,38.425103,-122.70460220000001
160590051,2016-02-28,38.48836308,-122.7231567
160590052,2016-02-28,38.43760789,-122.6772233
160590053,2016-02-28,38.4453395,-122.7417051
160590054,2016-02-28,38.42739284,-122.71183359999999
160590055,2016-02-28,38.49150237,-122.70334979999998
160590056,2016-02-28,38.42902192,-122.76938090000002
160590057,2016-02-28,38.47293712,-122.7344301
160590058,2016-02-28,38.47203079,-122.7325019
160590059,2016-02-28,38.44053199,-122.70968880000001
160590060,2016-02-28,38.45045002,-122.75132109999998
160590061,2016-02-28,38.45974038,-122.7429957
160590062,2016-02-28,38.4372761,-122.7324557
160590064,2016-02-28,38.47971264,-122.74219690000001
160590065,2016-02-28,38.46230051,-122.66904170000001
160590066,2016-02-28,38.46230051,-122.66904170000001
160590067,2016-02-28,38.44389187,-122.7165195
160590068,2016-02-28,38.34354287,-122.61301840000002
160590069,2016-02-28,38.46873386,-122.74485390000001
160590071,2016-02-28,38.427921999999995,-122.715473
160590072,2016-02-28,38.4649157,-122.6533696
160590073,2016-02-28,38.46101047,-122.71060890000001
160590074,2016-02-28,38.45019872,-122.69254679999999
160590075,2016-02-28,38.43456184,-122.6997523
160590076,2016-02-28,38.45884356,-122.7326085
160590078,2016-02-28,38.43193924,-122.7196893
160590079,2016-02-28,38.43805776,-122.7211803
160590080,2016-02-28,38.43551493,-122.72242220000001
160590081,2016-02-28,38.44036347,-122.70283090000001
160590082,2016-02-28,38.43059702,-122.7253189
160590083,2016-02-28,38.43702102,-122.72465530000001
160590084,2016-02-28,38.43033883,-122.7175395
160590085,2016-02-28,38.42965398,-122.7158453
160590086,2016-02-28,38.439145399999994,-122.7188437
160590088,2016-02-28,38.43372932,-122.7286318
160590090,2016-02-28,38.406352000000005,-122.711701
160590091,2016-02-28,38.43454861,-122.69664309999999
160590093,2016-02-28,38.46505683,-122.65784140000001
160590096,2016-02-28,38.44860449,-122.6673392
160590097,2016-02-28,38.43804302,-122.6758185
160590099,2016-02-28,38.46498999,-122.6559413
160590100,2016-02-28,38.43840614,-122.7225159
160590101,2016-02-28,38.406352000000005,-122.711701
160590103,2016-02-28,38.43535628,-122.7120801
160590104,2016-02-28,38.43699924,-122.6535128
160590105,2016-02-28,38.44727293,-122.66965590000001
160590107,2016-02-28,38.45134906,-122.6763227
160590108,2016-02-28,38.43313302,-122.7189267
160590109,2016-02-28,38.4726306,-122.76411
160590110,2016-02-28,38.46635881,-122.73568519999999
160590111,2016-02-28,38.436599,-122.60213490000001
160590113,2016-02-28,38.42120417,-122.71350090000001
160590115,2016-02-28,38.46343658,-122.74652720000002
160590116,2016-02-28,38.4452399,-122.75130279999999
160590118,2016-02-28,38.45254856,-122.7696375
160590120,2016-02-28,38.45134906,-122.6763227
160590121,2016-02-28,38.46414468,-122.7224179
160590122,2016-02-28,38.44283969,-122.67294270000001
160590123,2016-02-28,38.44679807,-122.72251200000001
160590128,2016-02-28,38.43965306,-122.70543
160590129,2016-02-28,38.42519351,-122.7635252
160590130,2016-02-28,38.45260372,-122.7336335
160590131,2016-02-28,38.44315547,-122.7081412
160590132,2016-02-28,38.45956577,-122.7190646
160590134,2016-02-28,38.41151265,-122.713498
160590135,2016-02-28,38.44155811,-122.73775259999998
160590136,2016-02-28,38.47768734,-122.6552356
160590137,2016-02-28,38.44076213,-122.7215076
160590138,2016-02-28,38.44727293,-122.66965590000001
160590139,2016-02-28,38.43894087,-122.71507849999999
160590140,2016-02-28,38.42866101,-122.74153390000002
160590141,2016-02-28,38.45406102,-122.7340969
160590142,2016-02-28,38.44577885,-122.72255679999999
160590145,2016-02-28,38.43294769,-122.7445656
160590146,2016-02-28,38.47201577,-122.73668159999998
160590147,2016-02-28,38.46505683,-122.65784140000001
160590148,2016-02-28,38.43525419,-122.6859145
160590149,2016-02-28,38.43998499,-122.7041983
160590150,2016-02-28,38.45259224,-122.74625209999999
160590151,2016-02-28,38.43805204,-122.7275209
160590152,2016-02-28,38.43805204,-122.7275209
160590153,2016-02-28,38.43402241,-122.68804750000001
160590154,2016-02-28,38.45336896,-122.717404
160590156,2016-02-28,38.45997829,-122.7406116
160590157,2016-02-28,38.43033883,-122.7175395
160590158,2016-02-28,38.45651115,-122.7362721
160590159,2016-02-28,38.44554349,-122.71352350000001
160590160,2016-02-28,38.46505778,-122.71938200000001
160590163,2016-02-28,38.45909335,-122.71717520000001
160590165,2016-02-28,38.43742039,-122.7207013
160590166,2016-02-28,38.44797429,-122.72032709999999
160590167,2016-02-28,38.45812259,-122.7358441
160590168,2016-02-28,38.4379375,-122.7615328
160590169,2016-02-28,38.47835364,-122.6557178
160590170,2016-02-28,38.46662813,-122.7430045
160590171,2016-02-28,38.42617327,-122.70806259999999
160590172,2016-02-28,38.438010799999994,-122.71948130000001
160590173,2016-02-28,38.44036347,-122.70283090000001
160590174,2016-02-28,38.46718776,-122.653636
160590175,2016-02-28,38.45509327,-122.67828929999999
160590176,2016-02-28,38.44572374,-122.72041010000001
160590177,2016-02-28,38.43286531,-122.68910249999999
160590179,2016-02-28,38.45991177,-122.7284087
160590180,2016-02-28,38.47335547,-122.7328436
160590181,2016-02-28,38.42407191,-122.7607243
160590182,2016-02-28,38.43840614,-122.7225159
160590183,2016-02-28,38.45803531,-122.6729237
160590184,2016-02-28,38.44557246,-122.714771
160590185,2016-02-28,38.44351505,-122.7037485
160590186,2016-02-28,38.4706443,-122.72981340000001
160590188,2016-02-28,38.41693852,-122.70741940000002
160590189,2016-02-28,38.42153429,-122.66453600000001
160590191,2016-02-28,38.47970235,-122.73446640000002
160590192,2016-02-28,38.42568262,-122.7319736
160590194,2016-02-28,38.44137585,-122.7419897
160590195,2016-02-28,38.44654316,-122.6880353
160590196,2016-02-28,38.50741635,-122.7194858
160590197,2016-02-28,38.44036347,-122.70283090000001
160590198,2016-02-28,38.46101229,-122.71717120000001
160590199,2016-02-28,38.44972,-122.68848009999999
160590200,2016-02-28,38.42685471,-122.7413163
160590201,2016-02-28,38.46121774,-122.71653300000001
160590202,2016-02-28,38.46634251,-122.75715749999999
160590203,2016-02-28,38.48100024,-122.7048521
160590204,2016-02-28,38.41906182,-122.70772959999998
160590206,2016-02-28,38.40832658,-122.7235807
160590208,2016-02-28,38.46912427,-122.7326346
160590211,2016-02-28,38.46919178,-122.72937320000001
160590212,2016-02-28,38.4432829,-122.76680049999999
160590214,2016-02-28,38.45909335,-122.71717520000001
160590215,2016-02-28,38.43541921,-122.7277581
160590216,2016-02-28,38.43701961,-122.7158571
160590217,2016-02-28,38.476134,-122.662796
160590218,2016-02-28,38.43379484,-122.74240049999999
160590219,2016-02-28,38.432080299999996,-122.7190497
160590220,2016-02-28,38.41646107,-122.70881059999999
160590221,2016-02-28,38.45584519,-122.6791175
160590222,2016-02-28,38.43860065,-122.7262751
160590223,2016-02-28,38.437332299999994,-122.74285379999999
160590225,2016-02-28,38.46923636,-122.72199540000001
160590226,2016-02-28,38.46545044,-122.7224179
160590227,2016-02-28,38.47970235,-122.73446640000002
160590229,2016-02-28,38.46840455,-122.70757859999999
160590231,2016-02-28,38.44038228,-122.7161508
160590232,2016-02-28,38.41646107,-122.70881059999999
160590234,2016-02-28,38.43514438,-122.75965020000001
160590236,2016-02-28,38.42799584,-122.668269
160590237,2016-02-28,38.46505683,-122.65784140000001
160590238,2016-02-28,38.42929693,-122.71919640000002
160590239,2016-02-28,38.46892046,-122.6757947
160590240,2016-02-28,38.47970235,-122.73446640000002
160590242,2016-02-28,38.43665196,-122.71227809999999
160590243,2016-02-28,38.43776285,-122.7142084
160590244,2016-02-28,38.45584519,-122.6791175
160590245,2016-02-28,38.442735299999995,-122.7066597
160590246,2016-02-28,38.45112279999999,-122.69179640000002
160590247,2016-02-28,38.45997829,-122.7406116
160590249,2016-02-28,38.42266675,-122.71351979999999
160590250,2016-02-28,38.44285521,-122.7017068
160590253,2016-02-28,38.4414495,-122.7190885
160590254,2016-02-28,38.45681756,-122.7449037
160590255,2016-02-28,38.42693756,-122.72858490000002
160590256,2016-02-28,38.44036347,-122.70283090000001
160590257,2016-02-28,38.45301088,-122.70386270000002
160590259,2016-02-28,38.45296878,-122.7024855
160590260,2016-02-28,38.43776289,-122.6873821
160590261,2016-02-28,38.46514621,-122.665481
160590262,2016-02-28,38.43665196,-122.71227809999999
160590263,2016-02-28,38.44531673,-122.7584992
160590264,2016-02-28,38.43286531,-122.68910249999999
160590265,2016-02-28,38.4515494,-122.7174904
160590266,2016-02-28,38.46520704,-122.7362267
160590267,2016-02-28,38.45584519,-122.6791175
160590269,2016-02-28,38.47496921,-122.6745622
160590270,2016-02-28,38.45997829,-122.7406116
160590271,2016-02-28,38.43118849,-122.72284590000001
160590272,2016-02-28,38.42760143,-122.7691831
160590273,2016-02-28,38.43370644,-122.6872527
160590274,2016-02-28,38.42502148,-122.6692619
160590275,2016-02-28,38.43991081,-122.7128433
160590276,2016-02-28,38.42452604,-122.6710601
160590278,2016-02-28,38.43769345,-122.71779679999999
160590279,2016-02-28,38.4706443,-122.72981340000001
160590280,2016-02-28,38.45803531,-122.6729237
160590282,2016-02-28,38.41151265,-122.713498
160590283,2016-02-28,38.42283683,-122.74076459999999
160590284,2016-02-28,38.45991177,-122.7284087
160590285,2016-02-28,38.45595854,-122.7645457
160590286,2016-02-28,38.43477608,-122.736604
160590287,2016-02-28,38.47319062,-122.6603176
160590288,2016-02-28,38.43286531,-122.68910249999999
160590289,2016-02-28,38.43370644,-122.6872527
160590290,2016-02-28,38.47428388,-122.72853570000001
160590291,2016-02-28,38.41811952,-122.74019720000001
160590293,2016-02-28,38.46421777,-122.72841559999999
160600001,2016-02-29,38.46919178,-122.72937320000001
160600003,2016-02-29,38.45382685,-122.7038288
160600004,2016-02-29,38.432281,-122.7364231
160600005,2016-02-29,38.45964222,-122.6695649
160600006,2016-02-29,38.44379613,-122.706748
160600008,2016-02-29,38.48192334,-122.74273500000001
160600009,2016-02-29,38.45112279999999,-122.69179640000002
160600011,2016-02-29,38.45082185,-122.6954202
160600012,2016-02-29,38.45952059,-122.72473000000001
160600013,2016-02-29,38.42135934,-122.7147642
160600015,2016-02-29,38.45019872,-122.69254679999999
160600016,2016-02-29,38.46426095,-122.66929579999999
160600018,2016-02-29,38.45254856,-122.7696375
160600019,2016-02-29,38.45258756,-122.7513351
160600020,2016-02-29,38.44036347,-122.70283090000001
160600025,2016-02-29,38.45154944,-122.66967520000001
160600026,2016-02-29,38.45402786,-122.7264021
160600028,2016-02-29,38.47455094,-122.7381111
160600030,2016-02-29,38.47686128,-122.7381217
160600033,2016-02-29,38.45884356,-122.7326085
160600034,2016-02-29,38.41618927,-122.71351899999999
160600035,2016-02-29,38.46662813,-122.7430045
160600037,2016-02-29,38.43693601,-122.6943395
160600038,2016-02-29,38.46505778,-122.71938200000001
160600039,2016-02-29,38.43698542,-122.70643600000001
160600040,2016-02-29,38.46935415,-122.67426119999999
160600042,2016-02-29,38.46101229,-122.71717120000001
160600043,2016-02-29,38.41433572,-122.7234498
160600045,2016-02-29,38.42592609,-122.75336850000001
160600046,2016-02-29,38.44502788,-122.7211998
160600047,2016-02-29,38.4593748,-122.7201215
160600049,2016-02-29,38.43343219,-122.72632890000001
160600050,2016-02-29,38.45683688,-122.75211399999999
160600051,2016-02-29,38.43933916,-122.6690688
160600052,2016-02-29,38.4642155,-122.7302291
160600053,2016-02-29,38.42380643,-122.713507
160600054,2016-02-29,38.43286531,-122.68910249999999
160600055,2016-02-29,38.45402786,-122.7264021
160600057,2016-02-29,38.43971531,-122.71565840000001
160600059,2016-02-29,38.45786906,-122.64848789999999
160600060,2016-02-29,38.4706296,-122.7340472
160600061,2016-02-29,38.45554777,-122.67789259999999
160600062,2016-02-29,38.47471494,-122.7286683
160600063,2016-02-29,38.46252046,-122.7059525
160600068,2016-02-29,38.44110696,-122.71449820000001
160600069,2016-02-29,38.46101229,-122.71717120000001
160600072,2016-02-29,38.45213697,-122.70004329999999
160600073,2016-02-29,38.45683688,-122.75211399999999
160600074,2016-02-29,38.45884356,-122.7326085
160600075,2016-02-29,38.46081666,-122.71832040000001
160600076,2016-02-29,38.4403822,-122.72450740000001
160600081,2016-02-29,38.44039215,-122.7411619
160600082,2016-02-29,38.44859778,-122.7176143
160600083,2016-02-29,38.45402786,-122.7264021
160600085,2016-02-29,38.45952059,-122.72473000000001
160600088,2016-02-29,38.42992011,-122.7476531
160600089,2016-02-29,38.44174658,-122.6747223
160600091,2016-02-29,38.43903444,-122.71295049999999
160600093,2016-02-29,38.4101323,-122.73524209999998
160600094,2016-02-29,38.45027401,-122.69906100000001
160600095,2016-02-29,38.4492653,-122.70536070000001
160600097,2016-02-29,38.44121202,-122.7123828
160600098,2016-02-29,38.44546397,-122.71089909999999
160600099,2016-02-29,38.452966499999995,-122.731721
160600100,2016-02-29,38.44389693,-122.708675
160600101,2016-02-29,38.425103,-122.70460220000001
160600102,2016-02-29,38.49297839,-122.69703229999999
160600103,2016-02-29,38.41683121,-122.7400594
160600105,2016-02-29,38.44679807,-122.72251200000001
160600107,2016-02-29,38.45529965,-122.7054063
160600108,2016-02-29,38.43382248,-122.71176990000001
160600110,2016-02-29,38.43723872,-122.70664579999999
160600111,2016-02-29,38.44458036,-122.7135676
160600112,2016-02-29,38.45019872,-122.69254679999999
160600113,2016-02-29,38.45993819,-122.7267705
160600117,2016-02-29,38.42760143,-122.7691831
160600119,2016-02-29,38.44315547,-122.7081412
160600120,2016-02-29,38.44121202,-122.7123828
160600121,2016-02-29,38.45677728,-122.70244550000001
160600122,2016-02-29,38.44603838,-122.7108768
160600124,2016-02-29,38.44036347,-122.70283090000001
160600126,2016-02-29,38.46383244,-122.6649856
160600129,2016-02-29,38.42628117,-122.65781170000001
160600131,2016-02-29,38.43701961,-122.7158571
160600133,2016-02-29,38.44002475,-122.74113940000001
160600134,2016-02-29,38.44106649,-122.72008590000002
160600137,2016-02-29,38.44036347,-122.70283090000001
160600138,2016-02-29,38.42335054,-122.7880027
160600140,2016-02-29,38.41411651,-122.74523799999999
160600141,2016-02-29,38.47200718,-122.7381105
160600143,2016-02-29,38.45991177,-122.7284087
160600145,2016-02-29,38.44140591,-122.74122890000001
160600146,2016-02-29,38.41030288,-122.7094955
160600147,2016-02-29,38.45761166,-122.71725009999999
160600148,2016-02-29,38.45909335,-122.71717520000001
160600149,2016-02-29,38.41133518,-122.70992779999999
160600150,2016-02-29,38.47971181,-122.73813090000002
160600151,2016-02-29,38.44564739,-122.7177125
160600152,2016-02-29,38.42665386,-122.76372279999998
160600153,2016-02-29,38.40714799,-122.74012590000001
160600154,2016-02-29,38.42739284,-122.71183359999999
160600155,2016-02-29,38.44036347,-122.70283090000001
160600158,2016-02-29,38.43609171,-122.70061640000002
160600159,2016-02-29,38.43980197,-122.6853689
160600160,2016-02-29,38.44440016,-122.60562920000001
160600161,2016-02-29,38.43758856,-122.70864420000001
160600162,2016-02-29,38.43665196,-122.71227809999999
160600163,2016-02-29,38.43459246,-122.7119232
160600164,2016-02-29,38.45956577,-122.7190646
160600165,2016-02-29,38.45907321,-122.74300819999999
160600167,2016-02-29,38.45462508,-122.71193259999998
160600168,2016-02-29,38.47247575,-122.7306991
160600169,2016-02-29,38.44036347,-122.70283090000001
160600171,2016-02-29,38.450788,-122.6975206
160600172,2016-02-29,38.44036347,-122.70283090000001
160600173,2016-02-29,38.44121202,-122.7123828
160600174,2016-02-29,38.45998099,-122.73801110000001
160600178,2016-02-29,38.44155811,-122.73775259999998
160600179,2016-02-29,38.43223811,-122.58350630000001
160600180,2016-02-29,38.42519351,-122.7635252
160600181,2016-02-29,38.42003154,-122.6924372
160600184,2016-02-29,38.43535628,-122.7120801
160600185,2016-02-29,38.45884356,-122.7326085
160600186,2016-02-29,38.45956577,-122.7190646
160600188,2016-02-29,38.45974195,-122.7464246
160600189,2016-02-29,38.44845257,-122.69942859999999
160600190,2016-02-29,38.46421777,-122.72841559999999
160600196,2016-02-29,38.46328107,-122.6726847
160600197,2016-02-29,38.46421777,-122.72841559999999
160600202,2016-02-29,38.4171506,-122.7175098
160600204,2016-02-29,38.42394960000001,-122.7174501
160600206,2016-02-29,38.46423828,-122.71643470000001
160600207,2016-02-29,38.47148370000001,-122.73962809999999
160600208,2016-02-29,38.438010799999994,-122.71948130000001
160600209,2016-02-29,38.45730241,-122.6712994
160600210,2016-02-29,38.4410492,-122.74599740000002
160600211,2016-02-29,38.44539064,-122.7080878
160600212,2016-02-29,38.44775445,-122.71343359999999
160600213,2016-02-29,38.46919178,-122.72937320000001
160600214,2016-02-29,38.45873641,-122.67438670000001
160600215,2016-02-29,38.4329544,-122.70603090000002
160600216,2016-02-29,38.4778703,-122.66265320000001
160600217,2016-02-29,38.44036347,-122.70283090000001
160600218,2016-02-29,38.44973612,-122.7158952
160600219,2016-02-29,38.44524539,-122.75437520000001
160600221,2016-02-29,38.44910098,-122.72447549999998
160600222,2016-02-29,38.45527736,-122.7645223
160600223,2016-02-29,38.41240496,-122.7568862
160600224,2016-02-29,38.43370644,-122.6872527
160600225,2016-02-29,38.42866101,-122.74153390000002
160600226,2016-02-29,38.43903444,-122.71295049999999
160600227,2016-02-29,38.45255091,-122.77187240000002
160600228,2016-02-29,38.4706443,-122.72981340000001
160600229,2016-02-29,38.42077055,-122.71735149999999
160600230,2016-02-29,38.4706443,-122.72981340000001
160600232,2016-02-29,38.44036347,-122.70283090000001
160600233,2016-02-29,38.442763299999996,-122.7292925
160600234,2016-02-29,38.44265053,-122.6945043
160600235,2016-02-29,38.455409499999995,-122.72817260000001
160600239,2016-02-29,38.42058919,-122.759425
160600240,2016-02-29,38.43753228,-122.7300007
160600244,2016-02-29,38.44036347,-122.70283090000001
160600245,2016-02-29,38.45991177,-122.7284087
160600246,2016-02-29,38.44550263,-122.7123095
160600247,2016-02-29,38.46919178,-122.72937320000001
160600248,2016-02-29,38.43947287,-122.72536459999999
160600249,2016-02-29,38.4414495,-122.7190885
160600250,2016-02-29,38.413219700000006,-122.7135365
160600251,2016-02-29,38.45884356,-122.7326085
160600252,2016-02-29,38.46514621,-122.665481
160600253,2016-02-29,38.46489393,-122.75291999999999
160600254,2016-02-29,38.42380643,-122.713507
160600255,2016-02-29,38.44039704,-122.7117999
160600256,2016-02-29,38.46919178,-122.72937320000001
160600257,2016-02-29,38.44036347,-122.70283090000001
160600258,2016-02-29,38.455409499999995,-122.72817260000001
160600259,2016-02-29,38.45250293,-122.695923
160600260,2016-02-29,38.45873641,-122.67438670000001
160600261,2016-02-29,38.44759175,-122.7082288
160600262,2016-02-29,38.43182581,-122.7419237
160600263,2016-02-29,38.46276097,-122.719315
160600264,2016-02-29,38.45730241,-122.6712994
160600265,2016-02-29,38.45998531,-122.7350344
160600267,2016-02-29,38.41646107,-122.70881059999999
160600268,2016-02-29,38.44162647,-122.75799950000001
160600269,2016-02-29,38.46886272,-122.7547568
160600270,2016-02-29,38.42693756,-122.72858490000002
160600271,2016-02-29,38.45496838,-122.6721729
160600272,2016-02-29,38.44476521,-122.71873729999999
160600273,2016-02-29,38.45873641,-122.67438670000001
160600274,2016-02-29,38.40603307,-122.72943470000001
160600275,2016-02-29,38.45998363,-122.7346763
160600276,2016-02-29,38.44165364,-122.7306304
160600277,2016-02-29,38.45496838,-122.6721729
160600278,2016-02-29,38.44577885,-122.72255679999999
160600279,2016-02-29,38.46020829,-122.76460279999999
160600280,2016-02-29,38.44166603,-122.6981038
160600281,2016-02-29,38.43281994,-122.7562006
160600283,2016-02-29,38.47141592,-122.70328640000001
160600284,2016-02-29,38.455409499999995,-122.72817260000001
160600285,2016-02-29,38.45998099,-122.73801110000001
160600286,2016-02-29,38.47517437,-122.7563507
160600287,2016-02-29,38.44036347,-122.70283090000001
160600288,2016-02-29,38.43294769,-122.7445656
160600289,2016-02-29,38.43828327,-122.6751297
160600290,2016-02-29,38.43759163,-122.67906529999999
160600291,2016-02-29,38.43776285,-122.7142084
160600292,2016-02-29,38.45651115,-122.7362721
160600293,2016-02-29,38.43776285,-122.7142084
160600294,2016-02-29,38.42644233,-122.7466994
160600295,2016-02-29,38.42030020000001,-122.71351090000002
160600296,2016-02-29,38.43965306,-122.70543
160600298,2016-02-29,38.46623454,-122.73023130000001
160600299,2016-02-29,38.44520683,-122.68781979999999
160600300,2016-02-29,38.44072571,-122.71343290000002
160600301,2016-02-29,38.4384119,-122.6968065
160600302,2016-02-29,38.46808224,-122.7603815
160600303,2016-02-29,38.44091148,-122.70085220000001
160600305,2016-02-29,38.4384119,-122.6968065
160600307,2016-02-29,38.46738778,-122.74168359999999
160600308,2016-02-29,38.46894485,-122.67676499999999
160600309,2016-02-29,38.47598208,-122.73298249999999
160600310,2016-02-29,38.45336896,-122.717404
160600311,2016-02-29,38.45153845,-122.67057120000001
160600312,2016-02-29,38.45701152,-122.69685390000001
160600313,2016-02-29,38.43735184,-122.7269635
160600314,2016-02-29,38.45803531,-122.6729237
160600315,2016-02-29,38.47971181,-122.73813090000002
160600316,2016-02-29,38.43294769,-122.7445656
160600317,2016-02-29,38.44023055,-122.7145525
160600318,2016-02-29,38.46229712,-122.64303079999999
160600319,2016-02-29,38.47543764,-122.7261473
160600320,2016-02-29,38.45938071,-122.73149309999998
160600321,2016-02-29,38.40026685,-122.7203548
160600322,2016-02-29,38.47971079,-122.7352915
160600323,2016-02-29,38.42555267,-122.74392350000001
160600324,2016-02-29,38.46101047,-122.71060890000001
160600325,2016-02-29,38.42823724,-122.6639304
160600326,2016-02-29,38.42502148,-122.6692619
160600328,2016-02-29,38.45791624,-122.76456019999999
160600329,2016-02-29,38.45402786,-122.7264021
160600330,2016-02-29,38.45997358,-122.73261799999999
160600332,2016-02-29,38.45258756,-122.7513351
160600333,2016-02-29,38.43406807,-122.7047886
160600334,2016-02-29,38.43516241,-122.68761950000001
160600336,2016-02-29,38.45258756,-122.7513351
160600337,2016-02-29,38.45991177,-122.7284087
160600339,2016-02-29,38.42120767,-122.69910320000001
160600340,2016-02-29,38.47006676,-122.74534550000001
160600341,2016-02-29,38.47835364,-122.6557178
160600342,2016-02-29,38.43691353,-122.7581721
160600343,2016-02-29,38.42674234,-122.7430645
160600344,2016-02-29,38.46919178,-122.72937320000001
160600345,2016-02-29,38.44273969,-122.71568059999998
160600346,2016-02-29,38.47971181,-122.73813090000002
160600347,2016-02-29,38.46101229,-122.71717120000001
160600349,2016-02-29,38.45496838,-122.6721729
160600350,2016-02-29,38.42168443,-122.7159514
160600351,2016-02-29,38.4379375,-122.7615328
160600352,2016-02-29,38.43903444,-122.71295049999999
160600353,2016-02-29,38.44161484,-122.7289686
160600354,2016-02-29,38.42390093,-122.76296529999999
160600355,2016-02-29,38.44585316,-122.7555475
160600356,2016-02-29,38.42568262,-122.7319736
160600357,2016-02-29,38.48958839,-122.6953155
160600359,2016-02-29,38.44036347,-122.70283090000001
160600360,2016-02-29,38.44539064,-122.7080878
160600361,2016-02-29,38.45998229,-122.7403416
160600362,2016-02-29,38.42205332,-122.72923259999999
160600363,2016-02-29,38.43750841,-122.72865700000001
160600364,2016-02-29,38.45991177,-122.7284087
160600369,2016-02-29,38.42858737,-122.72693600000001
160600370,2016-02-29,38.413219700000006,-122.7135365
160600371,2016-02-29,38.43898884,-122.6926591
160600372,2016-02-29,38.45433711,-122.6339875
160600374,2016-02-29,38.4453395,-122.7417051
160600376,2016-02-29,38.45406768,-122.7730892
160600377,2016-02-29,38.41996013,-122.6917024
160600378,2016-02-29,38.44036347,-122.70283090000001
160600379,2016-02-29,38.46296651,-122.7164774
160600380,2016-02-29,38.47006676,-122.74534550000001
160600381,2016-02-29,38.43059702,-122.7253189
160600382,2016-02-29,38.46276862,-122.6284913
160600383,2016-02-29,38.43143133,-122.71127560000001
160600384,2016-02-29,38.44389693,-122.708675
160600385,2016-02-29,38.44379613,-122.706748
160600386,2016-02-29,38.42674234,-122.7430645
160600387,2016-02-29,38.45406102,-122.7340969
160600388,2016-02-29,38.43525419,-122.6859145
160600389,2016-02-29,38.43059702,-122.7253189
